500 1000
398 239
484 376
244 377
414 466
57 26
43 320
120 137
296 86
403 268
203 476
467 465
130 79
161 387
122 111
126 218
18 119
324 374
16 457
404 344
367 335
250 54
103 451
108 24
299 232
351 162
267 330
380 228
288 150
365 62
486 27
45 328
449 191
99 406
208 300
24 329
149 55
432 341
31 252
121 161
23 132
176 46
3 158
478 4
334 15
389 275
399 402
500 35
81 224
414 170
308 21
300 336
15 9
114 202
44 80
350 488
271 474
389 157
255 308
468 122
120 210
341 331
295 171
463 213
449 444
417 219
465 132
40 314
17 413
376 393
41 90
320 37
35 179
163 197
344 73
43 119
370 379
217 397
488 414
351 498
466 153
289 379
34 250
233 254
407 191
55 118
498 154
201 160
128 274
464 148
221 476
493 310
108 7
382 286
65 187
338 96
162 66
353 49
419 474
477 272
270 424
386 245
231 89
191 374
197 31
146 309
22 281
476 144
471 300
355 276
290 195
98 133
159 188
401 249
236 112
166 337
101 487
45 363
136 49
161 70
189 411
404 196
384 8
347 79
150 76
292 313
20 21
215 364
432 161
53 227
326 428
84 35
288 16
468 351
174 228
463 400
335 493
475 130
10 77
383 33
398 427
477 40
78 241
131 14
105 107
149 428
144 263
73 420
39 120
16 361
8 342
38 33
48 113
433 133
452 269
162 57
193 219
231 178
340 391
16 329
403 9
138 243
238 56
23 143
307 201
135 262
322 289
297 412
190 167
468 11
262 199
42 495
205 198
457 449
206 152
133 255
117 188
427 52
364 147
125 445
359 289
315 64
172 359
256 21
92 115
127 60
352 244
302 24
25 227
187 411
309 334
250 43
303 414
216 307
47 177
487 28
267 344
392 117
199 471
263 400
242 430
238 330
75 98
47 183
137 358
485 391
87 52
387 482
9 473
14 157
133 112
166 322
427 12
280 184
410 441
487 145
120 191
394 243
98 495
307 28
250 280
460 113
11 159
469 74
124 380
211 297
469 386
120 314
192 287
205 474
137 277
414 33
3 186
22 374
169 450
312 211
490 168
479 458
74 301
119 281
219 392
329 347
172 374
67 497
229 136
218 66
97 192
467 231
154 104
450 19
449 207
417 28
159 206
74 45
169 184
449 138
278 235
180 3
112 125
427 118
234 199
447 132
180 401
243 471
465 208
206 447
216 63
119 320
249 458
110 254
257 466
116 426
21 235
38 142
307 45
310 76
15 252
273 284
228 100
199 42
309 50
199 485
348 428
476 138
182 209
69 137
157 203
262 87
493 155
345 175
236 496
114 258
485 352
219 22
40 446
368 2
221 66
32 257
89 133
18 167
408 58
37 291
462 189
417 367
325 112
64 238
112 413
354 61
135 482
201 455
357 430
329 365
233 228
289 291
217 139
161 197
490 173
29 455
134 398
416 45
153 388
11 63
161 61
106 19
25 434
267 322
5 219
303 359
161 497
222 19
446 427
255 82
224 498
114 489
95 481
296 330
461 233
235 103
173 426
223 123
428 65
438 219
146 388
400 194
1 348
276 38
43 58
214 489
139 214
178 437
436 231
192 8
78 494
358 185
191 206
167 81
302 197
376 499
424 110
322 172
218 441
210 359
288 263
384 206
86 287
219 472
137 194
408 273
446 144
278 69
268 129
32 441
453 380
67 244
489 279
408 464
15 413
224 186
122 230
456 118
57 359
464 76
67 460
140 460
431 397
434 247
130 109
10 280
100 329
167 304
379 290
338 390
296 499
74 288
359 500
211 108
184 14
174 455
361 456
380 474
141 499
275 280
47 340
231 341
236 285
494 130
313 351
353 487
122 447
449 148
417 260
103 220
315 218
180 189
319 179
21 25
142 445
192 199
426 52
137 344
419 174
238 243
303 131
192 493
375 45
416 122
156 194
306 70
391 57
377 260
289 307
302 323
216 452
37 112
96 492
311 229
467 210
242 274
233 328
187 134
9 445
439 162
214 242
87 347
415 318
220 266
180 182
435 203
218 134
74 211
143 161
345 89
231 113
430 410
452 184
58 234
23 120
322 180
401 205
207 225
328 350
494 298
386 351
436 418
153 97
71 329
121 257
220 15
428 257
283 318
363 174
322 47
390 413
334 329
104 429
208 174
408 119
249 321
413 326
198 318
183 172
209 253
40 319
475 459
168 356
136 251
290 375
226 415
361 72
90 352
391 84
384 398
129 39
120 373
189 56
252 341
306 284
283 463
488 215
290 22
337 499
113 426
470 269
156 146
98 273
431 170
318 499
242 9
379 204
265 11
333 227
155 333
493 402
262 344
438 481
261 335
58 109
115 350
210 121
302 493
3 439
423 385
62 361
440 278
169 313
156 303
104 486
139 226
68 381
332 329
128 81
341 454
235 383
250 236
239 371
434 363
145 213
153 236
258 420
364 490
379 383
480 307
6 423
271 429
140 314
293 81
189 63
465 415
439 496
230 312
319 471
111 463
99 317
418 81
214 238
468 65
142 331
200 132
209 58
120 82
436 366
395 335
79 124
74 491
276 323
166 18
281 405
111 193
453 56
204 500
378 78
341 258
10 473
68 84
73 360
460 277
368 44
58 243
298 127
206 297
214 156
194 55
26 338
440 42
483 193
247 125
206 160
474 241
9 93
212 137
416 71
393 363
9 395
472 194
252 188
407 489
83 260
179 482
47 216
89 477
114 428
333 301
147 240
259 402
133 12
121 118
324 257
386 375
406 102
227 90
383 364
477 268
265 370
443 247
105 261
150 354
137 449
452 314
300 343
392 22
389 385
146 176
164 365
272 53
491 382
409 245
458 153
134 388
347 134
440 431
339 157
252 321
472 165
203 314
461 380
366 4
349 296
187 453
468 120
181 317
252 465
273 38
449 105
156 55
402 200
17 393
38 450
373 90
275 250
454 393
47 403
172 192
433 381
344 407
85 156
219 16
281 254
128 126
481 476
182 9
436 60
347 73
280 390
411 258
139 194
26 29
348 204
286 246
338 217
302 229
413 455
485 445
335 437
44 203
473 416
144 80
111 191
453 435
47 60
146 40
243 293
130 352
358 308
328 7
31 159
172 272
330 84
328 440
89 498
148 351
317 427
126 446
354 484
431 83
30 340
76 13
19 445
358 261
416 325
326 2
72 79
34 190
35 172
242 290
367 90
256 38
53 124
453 54
17 91
209 190
286 51
311 367
51 432
86 345
407 198
221 3
34 173
472 289
437 41
237 161
262 64
172 34
50 255
104 312
321 489
75 395
305 299
458 136
260 337
250 446
405 484
424 246
351 30
39 276
71 473
480 315
281 428
349 149
398 92
67 248
109 101
486 14
177 322
469 303
85 456
303 178
160 284
148 60
17 128
493 143
276 131
220 110
402 470
331 212
146 259
73 471
161 240
485 304
293 424
210 78
464 256
279 239
407 27
323 230
173 363
211 28
447 290
99 187
175 337
385 230
30 272
325 123
188 76
458 151
344 160
319 298
166 80
155 32
311 349
162 465
280 215
89 66
475 382
154 66
356 146
462 318
14 355
62 65
368 382
102 189
440 118
33 184
387 171
15 440
419 198
1 283
439 399
396 319
31 173
410 267
464 357
206 273
131 130
491 14
451 169
293 486
391 124
69 352
94 465
147 384
488 147
151 156
431 206
104 106
58 83
248 100
438 201
355 493
112 117
123 144
352 103
69 424
221 119
267 395
407 261
20 181
71 493
43 136
78 92
172 146
262 484
74 320
356 344
463 195
101 50
384 465
230 60
422 360
335 43
33 96
419 375
445 160
250 229
60 97
374 83
361 275
371 444
376 171
455 50
132 275
223 130
180 432
23 399
311 447
214 471
104 236
460 468
10 410
242 112
12 318
458 177
302 183
396 86
291 235
426 293
401 457
424 15
401 441
221 356
112 452
185 88
250 197
461 194
411 285
146 121
61 496
441 361
212 362
269 267
418 290
121 119
131 354
90 471
478 281
147 223
313 51
76 183
205 425
414 139
101 51
462 472
22 493
218 272
161 250
358 349
121 479
284 419
313 369
289 82
223 27
33 448
351 421
79 217
373 144
495 102
442 467
138 21
236 331
114 313
339 273
183 90
240 191
427 365
386 246
447 166
464 399
260 136
353 133
299 273
196 476
237 439
332 194
419 169
293 469
319 63
417 194
409 198
96 468
171 53
165 458
446 1
426 377
271 86
427 187
211 212
196 51
271 123
151 122
424 375
115 296
308 349
92 213
367 87
424 148
211 308
315 419
357 306
264 498
490 262
282 107
75 236
340 132
13 337
233 245
485 343
145 262
73 292
366 102
294 235
372 179
328 357
214 287
61 53
186 44
65 133
305 10
263 95
496 484
439 349
416 242
35 85
487 65
455 66
325 114
364 233
5 443
497 326
260 151
97 297
25 350
196 314
376 448
341 21
302 87
299 249
16 218
202 360
296 365
396 180
419 321
81 394
405 126
476 130
20 302
191 9
193 209
75 397
157 71
18 197
333 84
287 427
