100 300
71 55
40 33
82 80
54 7
29 98
99 66
60 46
79 54
1 10
63 52
54 61
41 16
34 96
50 93
90 18
14 97
25 46
33 52
33 73
13 25
5 38
33 90
63 7
48 76
24 10
49 32
27 2
76 61
65 100
48 61
80 92
100 89
31 54
55 61
20 94
2 35
18 19
6 56
11 1
64 75
39 91
30 76
95 94
17 70
24 67
17 2
65 93
99 45
4 45
12 50
90 4
59 98
54 73
95 25
18 20
74 96
2 76
87 5
71 50
73 5
74 4
62 75
14 63
77 71
37 21
84 16
75 83
19 13
50 40
15 56
84 45
23 18
4 27
95 40
10 28
24 34
59 10
86 26
90 30
34 89
1 50
12 99
56 92
70 2
96 65
10 71
10 67
100 1
2 99
22 72
69 59
39 63
11 41
21 90
57 22
91 45
64 21
95 71
44 26
52 36
66 31
85 20
71 22
12 70
31 80
49 17
74 27
66 6
87 64
23 88
46 38
86 5
97 93
3 9
2 60
75 66
83 6
27 98
96 59
51 38
31 4
19 57
54 46
69 7
9 23
53 51
89 29
64 34
30 88
30 13
86 29
60 94
20 89
34 3
30 82
90 2
100 79
51 48
82 87
91 58
42 19
78 75
47 60
13 48
95 57
47 6
10 31
79 32
77 98
65 42
100 71
16 47
48 16
71 52
58 10
48 67
6 60
58 37
73 53
13 76
55 70
96 53
90 42
98 7
96 88
78 38
69 28
90 49
79 34
49 41
73 22
65 64
29 46
18 39
18 11
56 4
34 21
9 73
8 90
100 75
99 67
51 84
62 67
35 33
66 2
19 68
63 3
77 75
92 50
92 91
66 91
88 13
36 10
70 8
98 80
50 19
28 78
85 79
71 17
16 2
60 84
53 49
20 79
29 35
58 20
97 87
96 38
6 14
55 53
59 83
82 55
3 97
11 94
18 60
40 89
70 32
6 17
23 87
83 25
15 49
81 24
71 15
94 19
28 100
22 47
98 67
53 35
26 71
68 3
77 18
27 95
39 57
16 46
93 76
98 84
91 56
2 57
47 92
33 16
96 60
48 93
76 66
43 7
54 4
51 39
100 52
56 86
22 93
63 51
34 53
86 30
47 52
86 79
68 58
11 25
21 77
28 39
16 93
69 37
5 4
87 91
44 39
45 3
46 82
98 22
40 52
33 88
70 27
84 75
89 58
18 26
12 62
69 96
55 8
6 54
1 43
11 62
47 91
72 33
94 65
34 25
47 83
69 68
85 56
78 71
3 32
39 25
72 24
89 81
79 61
65 77
46 21
17 7
58 54
39 48
92 64
15 42
70 51
6 89
92 41
