100 1000
91 17
88 51
92 47
85 3
82 61
2 48
55 56
71 1
12 78
80 31
42 33
85 99
37 18
29 53
84 88
4 55
24 3
1 95
36 84
65 5
40 52
49 77
48 5
77 50
100 46
28 29
34 83
26 3
100 63
100 23
76 4
70 57
10 58
7 20
84 44
86 54
2 11
35 83
96 97
55 75
39 61
19 86
76 72
29 69
20 17
40 55
59 34
66 19
55 54
87 7
45 67
30 70
34 13
74 26
10 23
16 34
97 32
64 51
92 51
45 55
40 89
13 28
54 62
93 10
43 57
95 64
56 4
39 22
89 76
97 13
45 65
75 36
85 48
28 73
60 52
11 66
98 14
5 52
42 84
59 91
49 45
52 68
90 43
37 86
5 4
32 41
3 18
49 91
5 40
61 42
41 55
9 87
71 89
72 98
57 100
9 95
20 52
22 58
25 85
80 36
69 91
80 12
33 6
7 31
18 82
95 45
90 12
84 54
85 66
48 14
81 71
95 24
19 93
92 87
52 26
14 64
25 15
76 69
43 44
57 42
27 10
97 95
7 79
66 95
40 70
76 84
14 8
14 60
87 32
82 97
35 40
81 63
9 6
88 13
89 56
48 83
33 84
8 91
25 17
53 75
58 92
97 80
94 71
41 39
70 86
53 82
59 93
68 20
70 71
45 34
4 82
31 99
19 57
94 37
62 21
28 17
41 72
21 55
59 25
48 51
98 29
92 18
27 48
27 63
91 42
46 14
91 63
67 20
37 32
25 13
88 91
32 33
16 66
78 8
28 20
43 66
2 15
6 19
3 25
43 92
68 36
43 28
38 6
38 44
99 77
72 52
95 75
43 67
95 43
57 18
11 67
66 20
6 55
3 5
62 23
45 16
52 44
70 99
58 26
25 48
15 17
41 82
31 92
7 94
25 88
63 71
79 26
27 86
5 29
52 58
66 69
27 42
66 91
93 58
30 54
95 76
4 51
90 31
2 88
29 61
51 15
96 95
57 85
81 66
55 89
21 82
27 64
82 13
91 10
55 46
56 68
54 99
68 98
16 75
93 70
13 56
2 57
39 35
67 85
41 71
25 96
59 30
74 36
31 37
82 59
40 31
27 24
2 78
29 33
12 33
66 39
35 93
72 60
97 65
52 96
18 34
16 33
65 32
39 75
6 27
87 8
85 13
76 54
9 15
25 32
13 23
20 16
58 80
97 30
92 11
41 33
42 73
24 94
11 13
50 5
86 64
66 60
31 81
86 40
87 54
77 42
71 32
94 50
97 72
5 9
9 85
28 99
73 47
74 28
97 3
72 61
8 80
23 88
65 84
27 15
10 45
60 70
81 21
64 80
89 39
58 62
69 63
89 84
86 21
22 13
65 59
70 84
38 91
24 38
51 54
69 85
57 59
91 56
50 68
22 44
23 97
50 76
4 42
37 25
64 41
87 29
13 43
66 54
30 90
27 80
9 27
75 12
80 70
52 66
70 36
5 2
7 15
89 59
38 93
73 19
88 90
34 64
79 42
24 100
61 60
57 86
69 89
71 31
38 57
78 43
67 77
94 97
92 64
28 42
36 31
60 96
12 98
6 3
22 37
12 84
8 3
1 66
63 88
92 99
48 78
45 94
89 7
77 55
6 60
22 79
93 81
24 61
35 94
50 18
32 79
23 58
55 49
2 45
83 40
38 19
59 87
54 44
19 51
82 77
1 55
36 40
9 77
57 69
14 52
25 31
98 56
7 71
82 46
54 6
95 49
57 10
34 98
68 69
46 93
44 13
16 89
23 57
6 34
37 65
49 63
49 64
43 22
49 97
55 17
32 77
60 2
86 68
66 51
100 89
26 63
56 77
78 87
67 33
19 50
72 31
57 17
40 97
56 43
29 31
7 57
41 24
92 61
23 64
68 59
91 32
33 88
36 92
62 69
99 89
35 59
12 2
94 6
46 11
21 66
18 40
15 13
59 42
23 93
49 75
44 56
94 68
59 67
92 5
68 24
67 8
84 10
86 69
41 94
85 77
62 36
67 19
97 28
95 81
87 70
96 13
46 7
96 45
4 12
26 7
46 59
25 69
4 37
76 6
80 53
1 99
61 27
9 51
41 37
36 28
18 94
34 67
9 90
3 67
88 54
82 31
90 73
51 75
98 17
92 39
16 40
93 5
71 59
97 79
25 5
34 14
99 100
86 39
50 35
46 73
71 85
31 32
31 3
79 51
45 14
73 45
69 54
10 67
22 31
3 56
99 13
13 74
43 37
28 7
61 67
63 61
74 90
91 83
35 69
42 39
88 74
33 95
15 37
72 39
34 31
36 58
47 28
35 33
92 76
65 93
10 11
75 21
4 84
59 69
32 12
49 86
67 30
13 46
92 7
22 53
41 69
86 10
17 46
95 68
25 40
12 38
38 43
79 80
38 73
77 80
90 32
11 44
83 99
90 15
19 28
64 19
14 25
20 80
27 47
14 75
97 2
19 59
44 82
76 53
3 48
53 90
13 24
84 73
22 14
56 19
64 62
52 31
57 20
68 54
1 20
15 71
35 28
61 58
92 38
39 45
9 14
29 42
33 93
34 73
16 47
22 12
13 32
19 94
93 87
66 4
83 19
79 90
14 13
81 91
16 46
59 77
46 25
75 100
50 44
56 39
53 78
73 24
89 45
27 5
89 36
98 8
21 99
7 78
70 74
11 36
58 31
80 93
81 20
70 29
49 18
52 18
71 14
100 21
68 6
18 61
20 29
82 69
78 80
41 34
89 28
37 17
14 17
36 90
77 5
30 45
62 26
54 82
38 60
31 56
3 44
2 32
60 85
71 43
68 63
16 10
16 88
23 70
61 55
85 33
80 95
61 19
74 98
6 77
44 21
96 86
3 52
56 83
81 28
3 4
34 28
51 33
95 21
85 78
45 3
56 7
79 49
26 40
1 22
15 65
80 73
55 72
78 1
40 34
3 99
34 42
28 45
73 49
69 58
16 73
27 7
30 66
43 51
24 81
14 41
78 68
27 3
95 52
3 98
58 88
33 91
96 57
13 60
70 46
12 76
65 33
26 45
66 42
92 73
7 24
97 76
92 100
17 54
83 13
28 32
25 21
31 93
55 90
18 93
99 66
97 37
80 75
54 65
37 28
56 20
55 74
67 76
26 51
58 28
20 39
4 96
51 78
12 21
18 11
60 98
63 20
54 72
14 3
29 7
85 70
56 86
50 39
69 97
99 36
98 78
76 99
84 13
93 60
96 74
28 24
3 1
15 30
39 43
5 57
76 56
20 83
8 96
100 83
4 88
89 57
66 78
15 47
34 44
65 87
96 53
55 91
49 1
63 36
75 46
91 54
66 44
34 4
4 61
27 84
34 75
9 40
62 88
85 19
25 98
87 3
14 72
94 90
35 67
36 94
55 22
18 26
9 34
24 18
51 67
15 35
100 40
46 57
25 28
32 52
42 75
94 40
17 8
15 11
17 74
5 10
79 13
17 13
60 35
97 64
81 37
33 71
87 86
49 60
86 67
65 40
26 9
74 16
52 100
1 91
13 91
3 53
96 2
46 81
77 33
99 56
23 51
76 64
5 21
89 67
29 46
24 21
39 64
77 39
51 82
77 58
86 93
63 1
11 19
80 24
30 9
26 76
25 27
78 96
45 57
12 81
98 15
66 70
14 86
16 30
27 22
45 86
76 7
82 91
49 46
54 39
30 91
83 23
96 15
97 92
65 7
82 11
34 24
78 32
4 85
100 50
3 62
82 14
43 41
59 32
95 39
14 79
85 58
91 35
53 87
57 21
68 83
11 1
89 44
91 34
70 97
95 3
58 38
12 61
82 48
16 35
30 49
72 95
3 59
22 8
50 12
64 28
95 85
94 25
25 70
33 98
42 11
60 69
34 89
86 51
2 84
23 1
20 49
79 37
97 47
54 49
42 23
35 14
49 92
6 35
50 63
100 91
13 39
83 29
95 70
9 80
43 52
57 79
47 8
53 1
56 35
62 56
61 64
41 3
92 41
96 89
45 38
42 5
11 85
95 4
66 25
61 85
100 39
63 94
85 5
41 61
79 66
14 32
50 87
77 62
53 4
53 71
19 89
49 4
11 61
72 64
33 5
71 16
61 50
40 29
65 41
41 22
50 36
21 48
66 94
55 33
88 59
20 32
37 75
41 15
90 16
66 72
88 70
64 2
37 20
86 17
80 71
6 98
64 93
17 1
8 72
57 25
9 10
74 71
54 34
2 35
34 57
33 80
74 29
65 80
99 74
18 23
34 56
44 39
72 11
19 32
41 79
59 33
2 34
71 61
3 29
76 35
87 45
25 10
47 78
84 15
21 51
15 38
15 83
74 83
89 50
98 100
93 37
65 64
99 97
97 59
43 100
18 73
19 92
70 41
22 46
85 27
45 77
19 77
26 73
10 88
32 45
66 33
6 36
22 56
5 12
18 83
6 62
10 68
98 31
7 70
92 60
84 16
46 18
52 82
88 5
13 75
100 2
