500 300
245 59
121 221
135 115
113 76
182 188
108 221
12 10
37 207
245 102
179 166
233 31
90 194
238 22
231 37
228 87
32 17
152 127
91 5
170 75
209 53
177 178
63 207
58 7
66 220
191 248
62 108
17 25
62 159
61 238
180 112
55 158
229 108
44 66
67 130
130 248
124 221
52 1
250 235
203 101
25 155
133 187
146 216
203 233
186 23
55 154
161 91
137 127
173 98
191 153
123 132
150 251
40 252
214 253
192 254
49 255
84 256
17 257
139 258
241 259
166 260
200 261
156 262
79 263
182 264
146 265
97 266
194 267
99 268
82 269
109 270
9 271
10 272
175 273
205 274
104 275
87 276
94 277
147 278
130 279
149 280
5 281
102 282
93 283
109 284
164 285
53 286
240 287
176 288
34 289
34 290
214 291
223 292
120 293
130 294
44 295
16 296
114 297
68 298
45 299
33 300
177 301
224 302
105 303
144 304
108 305
225 306
111 307
161 308
40 309
196 310
218 311
146 312
3 313
175 314
24 315
243 316
228 317
113 318
62 319
29 320
182 321
12 322
246 323
175 324
58 325
99 326
26 327
144 328
63 329
75 330
13 331
39 332
27 333
41 334
41 335
218 336
218 337
30 338
19 339
215 340
83 341
174 342
167 343
138 344
134 345
235 346
84 347
94 348
72 349
238 350
33 351
230 352
82 353
63 354
228 355
120 356
215 357
210 358
65 359
239 360
82 361
28 362
2 363
150 364
219 365
130 366
217 367
226 368
153 369
80 370
184 371
233 372
181 373
185 374
52 375
22 376
238 377
246 378
57 379
210 380
55 381
166 382
190 383
128 384
65 385
180 386
7 387
57 388
199 389
25 390
243 391
41 392
174 393
191 394
65 395
193 396
5 397
239 398
175 399
128 400
218 401
103 402
103 403
202 404
65 405
247 406
22 407
94 408
30 409
60 410
9 411
5 412
46 413
228 414
187 415
133 416
158 417
249 418
133 419
55 420
54 421
156 422
195 423
242 424
183 425
113 426
151 427
85 428
157 429
64 430
135 431
160 432
204 433
65 434
223 435
69 436
4 437
167 438
117 439
146 440
181 441
202 442
39 443
250 444
128 445
67 446
94 447
101 448
15 449
10 450
238 451
204 452
18 453
69 454
213 455
173 456
49 457
99 458
168 459
221 460
247 461
233 462
57 463
85 464
137 465
91 466
238 467
55 468
58 469
98 470
148 471
210 472
201 473
41 474
160 475
96 476
230 477
203 478
148 479
219 480
40 481
59 482
123 483
162 484
196 485
160 486
185 487
171 488
187 489
245 490
219 491
123 492
111 493
44 494
87 495
125 496
202 497
156 498
170 499
117 500
