100 500
67 58
88 36
36 39
34 22
93 81
86 47
30 84
48 55
91 90
94 3
27 74
9 83
66 58
48 25
91 38
35 4
82 10
37 6
79 27
58 63
46 99
18 23
96 13
32 84
89 38
44 54
72 3
22 2
69 100
88 83
92 74
8 23
98 62
43 83
91 48
23 3
39 45
67 52
88 17
26 53
23 54
11 53
83 26
23 79
33 65
38 85
50 85
2 26
60 73
47 96
53 51
90 82
14 98
85 39
97 36
32 62
39 72
100 87
3 9
2 12
46 42
36 58
61 28
93 68
54 59
88 79
27 5
77 1
18 2
48 45
43 58
28 65
33 2
17 81
53 63
47 93
5 81
84 26
70 82
22 5
26 33
7 94
79 55
26 99
59 85
45 79
22 4
34 64
99 71
52 45
59 13
100 84
12 56
10 37
44 31
16 45
31 37
82 45
9 80
25 12
89 99
11 12
99 33
24 66
59 15
76 45
31 86
51 75
73 82
20 16
95 12
39 69
86 89
3 42
59 9
88 81
61 65
98 85
49 53
20 79
60 15
2 16
12 34
55 13
80 88
12 26
59 52
79 44
53 80
17 95
23 64
89 60
6 94
90 68
48 4
89 63
6 26
77 47
31 21
53 14
91 56
81 3
81 86
58 91
68 27
24 71
51 27
36 26
24 67
88 59
19 99
50 100
40 96
10 35
3 39
80 76
3 36
64 73
48 23
48 1
49 6
50 97
2 81
35 62
51 1
30 93
67 18
74 61
58 77
11 25
39 59
75 87
76 59
8 24
12 61
15 81
94 83
82 27
80 85
83 18
76 46
60 40
92 38
16 29
69 38
48 66
49 18
35 94
10 87
88 14
90 19
6 39
16 39
34 23
72 99
16 6
26 38
8 29
12 21
63 36
58 3
76 7
88 11
94 60
40 47
61 60
35 87
2 86
13 11
8 100
81 51
29 6
34 33
69 6
80 31
80 77
73 92
8 62
51 78
26 44
75 10
52 73
5 7
74 51
79 13
47 30
47 100
97 75
66 9
1 79
86 82
2 99
4 96
49 69
39 68
68 36
12 15
71 90
77 60
46 94
14 86
93 98
3 52
19 39
84 31
71 56
63 38
14 2
28 23
46 91
10 58
93 1
30 44
17 57
91 79
44 58
81 94
70 22
20 4
95 100
22 83
92 64
41 11
76 11
34 49
74 63
20 81
26 18
30 17
53 50
89 52
89 12
35 96
50 20
65 52
36 19
66 27
22 53
29 63
37 84
96 99
95 55
27 49
96 7
52 69
99 12
63 42
95 21
96 50
26 66
68 26
22 58
91 66
11 39
98 51
85 62
96 52
63 91
81 7
53 83
12 47
2 31
45 62
34 27
34 90
2 23
66 8
2 17
51 66
10 7
72 93
50 43
71 35
34 41
54 65
69 85
50 47
43 41
70 19
55 57
42 21
38 17
66 77
94 31
20 92
92 7
97 72
4 25
73 14
96 86
68 59
19 20
76 14
65 58
88 13
11 10
25 35
55 84
82 69
6 41
87 23
26 49
71 23
1 78
1 33
23 43
63 86
8 74
6 45
4 18
31 85
29 2
46 24
17 68
50 57
62 19
100 89
98 65
98 2
71 20
1 43
63 4
62 84
86 11
69 70
8 3
40 13
77 92
18 57
22 11
39 41
71 89
68 57
91 10
86 8
27 40
42 37
57 9
30 96
67 65
42 14
52 32
45 40
80 30
55 3
26 41
67 43
29 88
27 21
23 53
27 64
89 19
96 59
8 33
56 28
16 73
99 34
56 32
49 25
93 64
55 29
27 94
67 73
21 59
1 76
14 65
84 75
42 43
96 34
53 66
43 45
24 50
22 86
78 80
49 41
60 68
68 49
57 59
3 74
42 7
40 14
21 1
57 62
90 48
43 84
8 22
56 63
64 7
41 76
49 37
97 39
58 99
77 99
83 50
98 54
48 54
22 98
43 34
17 4
86 26
87 42
97 22
75 72
54 95
66 83
86 35
50 92
54 92
59 95
22 61
36 81
97 77
71 22
34 57
93 63
6 10
23 73
64 13
92 16
35 74
56 49
84 90
94 77
97 60
43 8
55 63
98 58
25 86
69 73
6 44
18 65
96 46
28 91
11 3
42 55
79 10
75 16
68 97
58 27
41 40
49 29
36 51
53 44
20 49
69 35
95 69
74 93
36 77
73 2
7 52
24 87
27 81
84 64
87 54
56 83
73 30
4 19
90 24
79 54
79 94
