500 1000
236 193
74 107
142 191
42 154
214 67
242 59
39 21
21 188
207 224
217 97
158 197
152 150
35 4
94 106
103 56
188 36
1 238
181 161
82 76
116 210
142 25
69 120
85 226
27 79
149 131
166 19
29 209
143 75
209 14
85 107
210 32
7 99
141 195
88 84
151 39
217 90
203 214
8 96
57 72
174 1
171 174
147 135
186 187
136 124
186 17
139 94
178 52
218 191
5 216
200 208
198 185
140 26
219 151
142 100
165 214
147 102
67 172
117 199
207 118
223 27
134 109
248 213
209 158
29 241
182 151
40 117
190 50
25 242
18 200
201 162
209 45
91 56
113 21
177 210
231 61
178 102
163 213
76 172
211 227
106 109
250 197
44 185
5 67
221 47
42 31
171 178
16 219
98 56
149 1
103 140
2 26
157 168
160 5
118 116
38 103
63 209
12 239
173 103
185 182
146 190
6 71
215 188
182 63
135 69
123 116
203 17
208 48
189 105
121 245
47 179
166 213
6 96
140 107
43 195
99 141
170 116
194 196
52 180
150 241
66 180
34 199
129 1
192 144
191 194
156 233
23 228
144 166
136 166
187 174
48 28
151 86
200 30
17 29
174 239
47 162
130 40
137 241
200 83
202 112
234 151
31 197
208 189
165 223
81 243
178 111
32 209
41 52
121 229
150 172
17 179
71 119
22 14
44 153
12 77
67 81
153 178
236 52
92 97
196 166
57 20
237 94
27 29
232 83
130 237
49 246
245 234
48 67
70 100
87 179
105 138
86 196
118 242
153 158
76 57
144 42
97 205
245 191
54 156
179 127
219 204
47 6
44 109
7 68
16 200
7 15
11 130
241 211
157 4
241 249
154 165
230 22
58 75
73 164
144 100
211 64
242 199
197 106
246 241
218 140
90 195
33 214
232 85
44 243
81 76
129 147
171 204
85 40
244 16
17 192
241 100
28 210
172 9
83 12
203 176
60 98
101 176
59 197
84 36
180 150
230 79
149 52
230 223
237 202
23 218
117 244
197 38
138 45
250 182
123 163
76 176
200 121
50 151
111 28
168 6
82 86
102 93
35 106
123 66
39 106
130 33
75 107
125 1
222 120
64 180
238 223
123 188
18 195
155 204
160 138
226 141
158 13
235 174
110 168
94 221
53 153
201 103
104 13
158 24
122 105
48 22
246 169
58 25
234 144
65 22
126 139
155 37
196 143
39 179
17 68
204 190
93 156
137 86
173 164
200 243
237 1
35 120
202 214
196 73
49 227
34 102
139 213
247 188
128 161
190 150
215 149
210 39
93 236
227 117
244 1
195 52
92 14
238 55
182 168
237 97
118 60
44 239
9 43
162 95
236 82
249 31
25 244
178 78
238 29
124 163
65 42
248 157
152 99
11 116
27 40
239 26
218 241
219 176
198 41
17 204
158 42
16 21
83 224
215 92
126 1
134 241
87 49
202 141
85 97
184 94
129 153
196 126
129 29
234 57
2 111
25 221
212 137
240 11
48 172
59 71
11 241
113 102
178 28
106 38
119 146
88 72
222 4
203 29
5 13
214 125
24 147
225 125
241 145
84 93
93 88
52 64
55 18
113 5
156 218
61 114
16 94
156 113
193 29
215 210
225 202
244 165
206 2
186 85
140 190
140 53
2 68
2 204
232 78
131 56
126 50
177 51
213 130
194 185
114 250
145 140
154 131
222 59
62 32
202 134
68 70
177 66
167 76
100 33
201 49
245 230
112 246
183 249
194 142
40 66
4 214
179 106
247 166
83 215
149 65
174 225
155 189
228 231
59 14
134 203
225 210
189 58
47 225
107 243
211 244
106 175
14 242
155 166
91 154
243 199
213 99
201 246
181 16
179 150
101 247
1 160
14 123
150 217
169 26
237 169
203 106
29 184
17 88
112 59
128 211
240 98
67 121
158 72
127 93
171 27
49 9
122 204
121 179
44 13
19 91
230 58
173 202
67 178
77 23
151 144
98 73
152 129
239 110
65 129
16 91
130 35
41 73
147 214
190 31
33 63
14 56
226 125
24 121
142 206
211 202
95 151
122 28
14 154
111 134
96 141
208 151
88 47
150 193
89 246
18 30
48 122
151 228
155 34
35 237
160 117
144 195
173 48
248 228
21 228
46 172
113 157
205 71
247 105
220 212
224 65
30 106
235 86
99 57
160 133
183 247
36 138
226 53
133 85
154 71
32 101
250 144
116 93
163 109
198 40
130 51
243 207
207 237
4 240
179 11
19 246
54 56
230 118
144 110
129 63
13 137
124 203
101 63
36 242
10 110
139 27
247 155
173 104
165 245
42 212
190 26
138 52
237 26
169 126
88 103
204 203
145 130
131 132
121 132
241 8
199 215
151 114
34 112
214 57
43 21
234 165
210 222
171 236
206 150
51 43
233 100
131 248
3 114
120 97
223 17
6 171
13 93
50 2
39 20
216 161
229 6
57 45
96 138
131 86
101 215
214 144
132 156
84 215
109 148
151 223
107 96
240 185
213 26
133 144
240 229
83 177
59 57
70 150
8 216
200 74
144 97
105 165
79 138
28 22
159 238
36 19
171 100
31 212
158 6
86 130
189 66
31 81
20 56
183 38
229 117
134 151
45 168
25 192
1 148
248 223
140 12
165 125
194 118
193 154
70 62
154 43
87 207
177 1
222 112
67 218
243 78
234 172
201 215
234 138
152 158
242 148
240 15
243 147
60 28
16 104
162 220
107 160
145 5
235 26
33 168
81 157
100 143
173 5
87 81
56 224
150 137
87 114
191 132
149 139
246 236
206 146
134 161
203 7
215 115
36 215
3 224
65 39
42 17
33 224
11 155
131 242
245 100
3 200
165 203
121 104
119 155
61 99
148 40
238 146
239 199
9 148
206 76
201 192
51 80
236 128
136 224
165 171
23 63
192 110
226 173
198 177
60 27
24 36
129 241
86 98
86 113
164 89
230 161
66 209
69 200
49 250
131 241
180 137
240 221
204 85
148 201
162 112
146 72
147 209
146 116
139 49
41 170
201 101
114 234
77 151
107 182
17 154
200 205
82 72
55 234
9 119
106 161
219 112
57 180
65 32
4 237
36 123
131 117
70 87
214 172
53 63
28 188
91 36
88 159
100 74
25 52
19 69
106 88
17 129
204 103
82 223
177 180
212 190
95 85
120 72
81 188
116 197
16 197
110 203
151 57
154 79
123 44
127 61
148 14
123 51
38 23
190 217
229 10
37 19
99 15
89 108
59 248
154 186
94 40
236 42
83 154
88 39
109 1
146 108
50 44
66 15
215 51
96 86
189 237
13 217
139 144
250 4
59 103
127 79
125 207
162 69
167 18
86 46
165 37
79 119
222 84
49 113
123 244
236 120
59 198
35 116
93 215
29 248
195 251
117 252
206 253
9 254
183 255
177 256
180 257
103 258
19 259
187 260
222 261
83 262
94 263
101 264
32 265
2 266
94 267
69 268
229 269
114 270
244 271
236 272
106 273
135 274
11 275
78 276
208 277
63 278
74 279
134 280
79 281
140 282
117 283
198 284
240 285
110 286
190 287
124 288
31 289
97 290
179 291
249 292
37 293
72 294
11 295
141 296
18 297
210 298
36 299
8 300
100 301
16 302
33 303
223 304
155 305
28 306
129 307
33 308
130 309
249 310
23 311
249 312
142 313
39 314
216 315
161 316
74 317
216 318
179 319
100 320
52 321
171 322
104 323
26 324
1 325
183 326
186 327
99 328
148 329
190 330
111 331
135 332
122 333
197 334
110 335
190 336
42 337
233 338
162 339
193 340
125 341
67 342
123 343
127 344
250 345
112 346
170 347
41 348
124 349
86 350
105 351
150 352
3 353
101 354
199 355
219 356
224 357
121 358
71 359
182 360
180 361
8 362
178 363
15 364
154 365
29 366
180 367
35 368
113 369
43 370
81 371
153 372
48 373
16 374
220 375
8 376
122 377
181 378
4 379
156 380
138 381
87 382
18 383
33 384
126 385
180 386
54 387
64 388
222 389
173 390
217 391
83 392
114 393
102 394
135 395
219 396
183 397
228 398
191 399
225 400
56 401
105 402
145 403
185 404
4 405
225 406
90 407
148 408
53 409
136 410
125 411
60 412
148 413
107 414
242 415
105 416
217 417
167 418
113 419
233 420
231 421
105 422
225 423
46 424
69 425
224 426
115 427
247 428
81 429
200 430
31 431
167 432
212 433
179 434
8 435
64 436
206 437
51 438
126 439
61 440
114 441
80 442
180 443
142 444
121 445
10 446
156 447
230 448
69 449
40 450
65 451
33 452
63 453
164 454
123 455
100 456
112 457
113 458
118 459
151 460
86 461
202 462
38 463
151 464
48 465
241 466
234 467
97 468
67 469
146 470
124 471
123 472
101 473
230 474
186 475
55 476
246 477
91 478
23 479
201 480
237 481
244 482
185 483
23 484
177 485
126 486
158 487
128 488
137 489
40 490
142 491
189 492
45 493
226 494
8 495
113 496
50 497
122 498
50 499
6 500
