500 500
123 88
203 206
222 144
250 5
200 162
168 81
11 179
245 145
47 177
20 48
165 90
91 205
187 207
128 36
203 22
242 208
96 232
100 68
70 2
235 192
156 120
34 53
67 94
80 49
241 129
50 57
91 61
13 26
44 37
140 131
245 127
231 50
157 78
6 10
208 113
233 93
5 11
194 235
72 133
172 134
84 194
57 10
71 128
69 16
36 250
43 120
222 151
12 29
168 75
90 66
52 53
106 117
196 162
70 35
89 171
108 189
216 9
117 131
179 208
123 238
70 154
131 99
14 3
224 57
107 117
18 209
112 88
54 240
236 14
31 131
3 64
100 226
107 106
116 220
209 153
128 238
69 136
196 108
223 22
9 224
194 171
209 27
162 228
67 139
55 110
195 101
194 215
2 221
10 50
149 115
220 170
56 177
9 176
239 55
74 219
95 59
48 153
116 59
134 221
16 67
47 243
211 128
49 214
40 191
6 141
1 83
153 160
116 163
156 45
117 139
150 106
66 44
193 210
14 222
52 17
143 200
156 98
98 227
47 169
27 196
102 231
148 144
30 111
121 212
69 110
18 144
120 109
49 178
40 180
120 140
157 202
211 121
78 134
49 26
107 34
20 101
175 139
108 125
183 246
138 85
126 48
152 153
243 236
68 59
250 176
4 217
205 160
44 203
21 223
166 8
230 21
109 220
238 199
245 172
126 76
21 55
236 93
90 170
107 131
240 124
68 123
14 168
233 113
117 49
100 206
206 179
155 181
74 94
90 179
191 226
210 79
229 6
239 109
241 237
143 246
230 134
64 223
173 172
133 178
249 112
172 70
32 152
73 229
102 206
55 45
63 110
158 99
19 156
32 233
111 186
205 28
36 149
24 169
171 211
35 30
115 47
107 149
198 246
37 89
123 61
212 204
38 120
202 116
130 74
104 6
190 55
89 41
236 17
215 43
167 111
237 221
8 47
213 246
164 229
31 236
210 221
200 34
94 26
50 59
233 156
51 182
138 176
60 214
187 193
225 15
92 224
175 151
219 91
129 154
7 67
81 154
93 162
201 84
136 39
213 163
191 2
41 11
46 190
249 169
74 122
79 244
250 45
103 229
60 119
168 11
10 215
98 221
103 4
99 201
14 162
70 251
94 252
53 253
150 254
90 255
208 256
235 257
173 258
79 259
11 260
151 261
36 262
204 263
121 264
113 265
19 266
114 267
69 268
130 269
202 270
228 271
211 272
169 273
138 274
184 275
192 276
205 277
24 278
72 279
95 280
132 281
219 282
203 283
55 284
197 285
230 286
213 287
50 288
171 289
153 290
222 291
43 292
176 293
237 294
174 295
119 296
108 297
186 298
82 299
45 300
241 301
36 302
28 303
238 304
56 305
6 306
220 307
78 308
10 309
201 310
103 311
196 312
133 313
178 314
228 315
12 316
23 317
200 318
159 319
191 320
23 321
203 322
182 323
58 324
25 325
106 326
137 327
67 328
222 329
173 330
104 331
25 332
238 333
29 334
176 335
247 336
102 337
193 338
71 339
97 340
141 341
159 342
119 343
3 344
100 345
74 346
28 347
183 348
248 349
101 350
239 351
99 352
140 353
22 354
123 355
169 356
42 357
62 358
162 359
124 360
113 361
41 362
112 363
243 364
99 365
62 366
188 367
159 368
186 369
84 370
57 371
205 372
151 373
207 374
34 375
134 376
66 377
92 378
190 379
31 380
249 381
195 382
87 383
61 384
98 385
234 386
66 387
159 388
131 389
59 390
106 391
143 392
7 393
28 394
240 395
17 396
76 397
128 398
113 399
126 400
238 401
123 402
246 403
151 404
150 405
193 406
85 407
165 408
77 409
240 410
116 411
229 412
106 413
151 414
237 415
14 416
69 417
196 418
66 419
228 420
207 421
85 422
125 423
34 424
224 425
226 426
44 427
120 428
66 429
47 430
28 431
181 432
6 433
104 434
147 435
180 436
147 437
19 438
132 439
16 440
35 441
88 442
38 443
96 444
181 445
162 446
2 447
54 448
201 449
84 450
33 451
139 452
116 453
47 454
185 455
120 456
181 457
65 458
58 459
37 460
208 461
5 462
11 463
181 464
205 465
193 466
111 467
54 468
181 469
217 470
59 471
59 472
140 473
169 474
3 475
100 476
151 477
222 478
146 479
23 480
151 481
242 482
198 483
45 484
126 485
7 486
11 487
127 488
231 489
200 490
88 491
116 492
89 493
107 494
158 495
62 496
220 497
206 498
226 499
169 500
