100 100
82 51
81 14
37 17
78 92
64 15
8 86
89 8
87 77
66 10
15 12
100 25
92 47
21 78
20 63
13 49
41 36
41 79
16 87
87 69
3 76
80 60
100 49
70 59
72 8
38 71
45 97
71 14
76 54
81 4
59 46
39 29
92 3
49 22
53 99
59 52
74 31
92 43
42 23
44 9
82 47
7 40
12 9
3 55
37 85
46 22
84 52
98 41
21 77
63 17
62 91
64 43
30 13
58 19
33 57
8 14
65 85
5 68
44 1
85 51
68 7
100 47
9 49
78 79
39 87
77 67
69 62
55 24
87 42
37 73
85 81
60 26
5 38
40 84
42 47
52 90
43 84
16 75
64 45
35 38
46 48
49 27
49 88
10 49
5 7
53 3
91 25
74 34
87 83
17 50
48 61
40 93
48 60
9 50
68 89
82 63
26 40
95 50
27 53
57 31
3 64
