500 100
455 109
244 88
195 371
139 437
392 368
120 194
488 47
292 455
475 62
97 478
455 344
494 362
315 231
110 457
467 319
161 115
118 78
247 420
81 323
263 54
353 343
157 45
392 354
500 457
333 335
421 87
407 495
274 185
258 198
280 169
15 258
489 170
291 143
331 163
315 477
279 74
115 169
139 127
478 177
165 210
492 355
229 300
237 238
471 114
251 492
158 281
131 361
167 180
360 266
372 138
423 296
33 61
210 259
278 260
161 391
295 214
424 366
111 16
455 155
425 83
184 149
46 231
469 286
189 134
103 197
170 375
356 281
312 8
470 492
79 388
86 192
370 357
214 245
394 455
127 264
293 243
19 118
176 325
112 91
477 455
291 168
6 436
439 346
372 373
119 68
369 488
295 396
195 456
316 379
218 374
216 477
62 18
327 141
302 115
364 139
463 311
165 305
151 64
470 193
130 162
