500 1000
152 172
211 142
63 7
204 213
43 255
292 240
215 218
142 259
200 107
60 49
154 288
114 68
263 50
130 156
229 112
157 131
207 145
161 291
195 153
37 236
187 135
208 190
67 174
90 76
224 167
50 148
213 265
86 221
105 122
279 115
46 15
66 130
129 36
195 15
232 261
106 62
234 54
97 58
167 120
172 196
105 106
117 181
220 289
248 39
7 284
27 40
52 20
159 7
48 129
298 33
33 116
111 285
290 103
210 24
79 268
289 126
262 210
284 40
267 194
225 196
45 208
196 179
58 236
153 106
291 97
217 29
238 225
13 135
11 174
99 169
207 195
163 211
128 145
215 177
190 2
15 39
99 142
238 189
48 185
234 136
31 202
220 239
71 232
203 191
108 116
179 279
36 270
177 198
282 161
213 20
222 138
243 229
131 77
140 200
138 206
76 196
141 37
273 245
204 147
226 177
144 30
139 42
55 197
162 286
193 293
55 131
33 165
209 167
270 59
235 38
278 225
200 211
103 269
99 282
149 197
209 271
149 186
1 54
238 190
165 196
241 293
96 198
151 224
37 99
125 170
226 265
152 40
109 190
146 1
98 169
186 230
90 211
268 223
275 158
202 32
150 197
184 121
87 217
101 131
248 30
264 9
107 20
184 183
267 242
220 118
59 147
280 246
12 124
178 255
122 208
214 256
18 244
35 287
127 195
155 136
252 46
247 141
271 13
293 132
18 53
255 169
265 120
139 148
173 96
50 105
252 80
223 287
43 41
130 12
150 286
246 111
160 297
146 224
276 64
73 164
221 257
43 159
19 171
50 220
43 182
101 25
179 62
76 104
120 289
34 279
226 260
241 224
168 295
250 162
9 230
38 54
208 184
226 171
261 52
181 295
158 179
265 51
295 223
281 179
249 55
225 112
219 205
220 248
100 278
169 293
199 258
72 147
268 153
174 13
140 55
236 228
228 201
184 68
114 138
238 209
175 267
257 291
163 55
164 10
57 300
21 39
56 64
205 197
295 253
278 253
146 25
96 279
155 62
265 123
18 43
152 20
197 142
189 204
140 124
11 74
254 180
286 51
154 248
283 170
107 254
159 148
225 97
79 132
246 93
193 272
30 111
146 94
103 138
90 232
41 175
27 289
163 274
226 105
168 171
205 285
255 18
47 193
44 231
52 88
277 123
245 191
42 56
292 119
25 1
178 10
147 12
224 170
156 135
195 54
115 107
75 190
236 100
220 192
280 23
32 154
172 162
166 61
219 160
290 93
295 290
259 174
180 20
248 77
298 286
128 169
85 122
54 242
204 288
41 209
220 278
152 298
16 220
87 17
263 198
145 2
266 82
157 1
250 269
189 138
276 79
173 150
80 148
249 204
173 143
238 141
15 159
113 292
80 208
217 295
264 139
80 57
13 32
270 73
168 113
78 81
14 58
63 113
191 267
64 108
166 20
112 131
20 70
114 185
200 71
78 263
178 241
187 182
29 224
288 164
54 288
287 23
208 123
76 198
287 205
203 166
184 127
146 215
100 71
120 204
213 267
208 130
163 174
175 177
140 110
34 18
253 196
20 43
211 151
46 122
199 37
154 231
34 120
240 145
9 151
53 201
30 299
5 57
82 167
236 250
296 177
236 95
18 289
2 13
17 272
126 139
26 234
295 188
30 210
162 20
247 208
27 283
173 162
255 271
78 143
220 273
86 283
271 120
4 254
129 169
31 37
31 12
278 151
186 226
173 116
263 69
45 194
256 67
111 167
157 199
206 53
140 46
25 279
298 119
238 13
256 260
2 243
87 23
134 298
208 162
115 146
16 171
212 190
285 132
234 275
56 105
131 61
225 117
180 85
182 236
181 38
208 165
49 88
152 284
263 36
95 36
134 77
14 72
286 100
99 128
245 97
278 53
255 12
250 43
235 201
130 288
64 281
87 268
164 75
48 75
296 263
74 257
230 6
88 114
69 280
45 183
93 285
161 115
244 257
223 122
270 116
206 274
184 129
224 84
194 249
97 1
37 83
185 26
158 16
84 199
167 163
268 8
37 208
293 236
256 156
82 161
26 142
46 26
28 232
143 248
31 96
250 86
32 1
145 188
25 127
231 252
82 62
16 4
180 103
191 54
217 284
266 180
51 281
273 276
145 190
111 177
93 43
4 116
260 220
89 117
279 252
219 283
28 158
120 111
40 245
239 159
226 238
95 110
97 60
149 42
164 89
98 15
85 13
104 69
213 43
230 184
227 252
123 246
93 60
128 247
94 195
77 224
23 277
16 41
213 3
278 204
100 16
177 293
99 296
40 45
90 276
86 134
227 196
15 211
57 256
200 121
296 192
8 275
83 79
294 242
9 24
52 145
113 188
187 70
286 105
276 59
239 51
293 259
155 150
162 255
2 53
293 61
242 156
288 12
139 25
258 215
158 183
210 33
272 157
89 200
256 173
105 221
244 162
126 9
35 29
298 223
26 67
109 275
233 10
49 147
134 56
267 89
87 148
20 6
175 247
34 94
177 232
289 30
177 268
154 285
289 223
143 127
196 90
80 189
287 51
179 95
3 231
73 276
117 51
216 10
150 99
171 103
7 150
241 37
10 49
158 128
84 206
76 231
243 97
157 126
154 53
192 93
296 94
206 105
39 256
197 229
180 106
204 294
289 55
279 256
10 176
52 279
137 287
227 206
43 139
206 91
164 174
10 285
198 185
152 129
83 168
209 118
143 265
166 210
125 217
267 259
246 51
295 242
83 36
19 216
29 63
135 161
224 263
285 31
222 235
131 178
149 37
272 107
33 121
43 72
239 112
24 100
201 119
117 204
227 164
187 118
247 64
194 198
18 44
224 140
129 175
111 243
169 266
138 141
243 264
44 264
141 254
85 287
227 256
171 127
251 278
39 239
262 236
141 165
292 227
116 262
276 226
231 206
225 173
105 149
266 277
38 107
19 266
75 77
226 144
214 121
239 154
163 26
209 38
133 54
6 264
131 219
299 210
16 279
233 291
231 171
81 188
271 283
282 136
253 137
297 266
29 1
116 125
136 7
273 122
101 187
239 298
70 117
249 66
142 18
274 252
101 70
261 78
216 172
15 275
165 34
100 92
193 82
93 164
151 110
205 140
280 56
107 11
269 11
58 107
147 280
173 151
192 282
179 243
279 263
293 275
96 240
123 73
190 117
75 109
93 300
143 188
16 127
145 46
219 91
180 169
293 20
260 88
178 163
243 108
283 298
108 45
18 139
227 15
236 198
259 102
114 11
275 6
4 100
53 256
237 241
130 31
212 235
152 268
1 184
206 103
118 139
288 36
22 145
181 206
138 84
271 139
286 103
186 206
97 176
153 72
183 174
148 196
84 193
100 183
211 228
190 280
141 70
113 21
138 92
119 4
48 193
260 251
176 206
54 41
246 215
166 242
165 76
253 165
213 140
3 142
46 272
288 279
101 20
14 90
129 49
182 120
232 181
245 232
130 250
279 63
203 167
135 237
272 184
21 283
226 63
114 299
131 10
288 155
234 78
223 238
99 259
293 289
129 225
46 23
235 277
73 50
96 110
54 208
219 236
74 59
235 296
290 297
299 18
223 13
239 242
212 200
90 216
168 208
2 244
196 257
300 301
274 302
131 303
115 304
193 305
227 306
229 307
125 308
265 309
70 310
79 311
46 312
168 313
268 314
2 315
74 316
240 317
152 318
91 319
37 320
273 321
116 322
33 323
76 324
65 325
7 326
47 327
202 328
216 329
100 330
2 331
45 332
297 333
145 334
9 335
126 336
158 337
210 338
244 339
193 340
276 341
162 342
4 343
190 344
86 345
190 346
14 347
297 348
5 349
225 350
88 351
15 352
14 353
272 354
94 355
299 356
16 357
244 358
2 359
178 360
25 361
251 362
33 363
295 364
190 365
227 366
171 367
40 368
4 369
19 370
15 371
219 372
96 373
100 374
285 375
285 376
23 377
230 378
14 379
19 380
214 381
44 382
204 383
136 384
116 385
79 386
159 387
148 388
35 389
99 390
161 391
20 392
179 393
269 394
135 395
192 396
43 397
163 398
246 399
140 400
166 401
79 402
131 403
275 404
123 405
185 406
111 407
283 408
197 409
188 410
135 411
278 412
72 413
29 414
153 415
55 416
78 417
248 418
29 419
227 420
295 421
93 422
61 423
149 424
178 425
8 426
122 427
142 428
157 429
133 430
129 431
82 432
240 433
185 434
159 435
221 436
51 437
192 438
209 439
58 440
140 441
177 442
284 443
56 444
106 445
172 446
90 447
96 448
281 449
3 450
199 451
296 452
207 453
185 454
37 455
203 456
104 457
242 458
189 459
267 460
247 461
174 462
104 463
294 464
231 465
118 466
63 467
157 468
211 469
73 470
63 471
280 472
134 473
267 474
253 475
116 476
296 477
298 478
135 479
59 480
19 481
117 482
261 483
244 484
187 485
183 486
102 487
184 488
7 489
198 490
252 491
155 492
181 493
281 494
79 495
24 496
254 497
296 498
51 499
32 500
