500 10000
280 64
56 140
237 135
72 80
71 80
136 27
15 49
169 162
213 210
67 171
291 109
59 120
80 96
281 250
281 113
259 235
175 185
76 201
195 226
238 48
33 253
24 160
178 57
9 104
74 214
19 96
219 230
89 188
216 180
205 76
102 232
71 198
6 276
292 274
197 242
215 233
231 76
140 134
229 142
260 288
75 263
158 39
82 85
86 231
147 105
192 114
158 280
105 6
180 120
283 74
222 67
116 36
252 123
203 17
155 125
158 17
95 2
105 211
257 225
170 290
2 239
83 98
18 45
263 212
190 154
289 262
146 238
19 236
168 84
29 122
172 225
116 267
86 66
27 232
167 38
13 215
104 38
76 96
133 176
16 239
150 220
226 40
114 150
118 241
128 162
14 284
12 194
284 139
184 100
212 90
224 153
267 164
269 207
121 94
235 131
20 139
102 212
283 278
177 295
256 164
274 209
266 155
220 72
28 8
78 182
268 137
28 64
53 80
173 228
73 54
16 288
148 252
273 261
155 22
71 241
106 196
268 181
186 175
271 204
255 102
138 142
156 130
136 269
26 48
232 288
173 199
112 79
23 143
132 56
118 36
88 21
30 73
229 215
133 193
149 25
174 137
246 3
247 140
283 91
94 242
267 180
79 273
96 26
41 11
121 167
217 246
153 45
218 91
58 294
244 60
178 223
120 206
106 249
177 243
41 55
46 152
137 153
53 193
83 139
130 160
226 220
295 158
116 163
45 178
134 262
261 56
187 154
108 163
60 241
86 136
279 107
41 233
15 136
55 94
277 165
119 131
91 242
211 63
135 3
296 35
185 176
194 182
162 199
105 254
182 217
295 289
59 113
63 182
127 208
207 172
27 196
70 198
18 130
124 150
150 99
269 201
275 190
186 168
262 25
172 27
99 75
110 128
255 109
144 104
7 242
171 195
3 136
65 99
233 46
135 233
287 197
242 244
248 30
161 120
236 128
71 232
235 275
290 257
290 33
208 272
246 284
29 56
59 130
120 266
58 272
10 154
104 84
38 229
233 268
232 149
90 216
21 295
31 123
208 246
137 95
40 145
192 80
228 57
295 245
297 133
300 11
168 172
12 184
222 295
145 34
45 88
34 159
273 113
25 297
266 138
247 232
10 145
293 132
101 185
98 154
260 120
9 284
99 18
128 98
24 38
202 255
286 236
266 276
279 160
26 245
11 294
185 107
63 275
22 105
179 167
82 180
232 189
65 144
146 69
226 146
142 11
247 44
278 209
146 231
253 176
6 126
187 227
219 187
290 34
212 282
241 167
222 40
217 26
68 285
67 7
240 205
182 26
116 146
229 7
117 150
50 220
155 234
183 70
270 100
41 261
48 186
80 123
269 212
48 161
25 254
92 146
285 92
269 282
10 81
147 116
129 4
68 300
241 2
175 258
285 94
255 61
119 51
86 129
66 134
2 257
125 141
271 218
277 265
83 54
79 236
20 106
72 228
174 29
43 223
227 186
223 277
33 142
158 165
143 76
215 120
176 291
101 32
42 163
57 155
124 264
132 209
77 74
182 22
39 107
61 129
113 48
284 158
142 181
20 1
75 84
82 60
220 146
111 50
268 6
255 206
65 267
39 168
69 239
36 28
300 271
297 149
131 75
184 300
10 69
285 298
127 129
26 173
220 290
89 272
90 49
253 107
93 228
190 183
256 149
136 156
179 75
133 198
220 172
268 207
89 158
162 192
2 216
260 160
208 263
282 198
183 96
292 150
244 240
223 148
180 281
250 229
236 124
256 161
42 47
112 184
66 180
40 128
182 67
298 94
99 176
50 109
231 123
2 184
258 166
168 108
44 291
204 265
38 79
12 96
14 55
176 72
129 141
198 152
148 106
119 70
73 264
183 227
255 221
250 78
233 74
198 219
177 61
275 264
74 32
18 75
215 236
287 38
45 180
207 43
281 231
166 237
163 161
194 245
136 226
6 194
225 113
152 4
122 115
200 90
300 114
2 300
203 102
260 42
265 151
74 154
269 69
164 50
289 243
92 12
96 293
221 40
257 218
293 210
226 206
100 121
142 92
18 237
87 117
197 130
220 200
113 51
164 21
70 288
238 66
177 168
11 257
239 87
100 147
293 225
253 2
227 246
198 244
245 175
298 194
273 240
35 274
50 68
107 202
259 23
194 239
154 181
162 46
157 300
289 226
205 233
59 199
85 255
226 53
232 291
196 172
172 267
200 290
104 244
169 124
211 107
217 136
38 87
244 68
26 161
251 250
187 271
289 130
7 222
193 68
197 28
161 99
39 51
285 131
128 144
18 187
170 245
205 119
229 44
126 240
227 223
209 126
198 102
108 186
135 243
38 11
198 283
276 225
77 113
64 102
91 192
92 79
42 152
44 192
153 97
213 264
55 78
95 62
242 239
276 240
237 72
198 118
94 245
181 219
44 4
270 208
46 261
122 240
137 114
109 147
56 46
154 182
31 60
141 58
203 183
253 10
237 199
285 283
213 23
175 212
117 213
61 32
299 85
147 140
230 57
251 274
118 132
160 39
231 99
300 294
38 170
17 138
268 1
167 287
253 160
29 198
54 38
108 17
208 63
191 228
214 170
181 131
147 232
49 177
90 63
129 70
12 76
273 278
118 180
213 193
120 275
254 1
43 129
93 54
3 247
170 133
222 180
191 281
251 137
2 29
228 212
63 141
209 150
63 204
155 21
82 43
6 71
30 93
83 157
190 113
134 52
56 172
116 215
71 60
55 136
26 42
282 126
27 60
90 66
237 63
227 127
150 15
39 268
254 146
270 186
46 173
220 262
297 223
102 168
91 244
2 103
41 80
42 258
294 69
33 175
194 188
175 106
278 180
291 238
76 69
112 116
201 7
177 230
178 52
276 165
250 266
108 232
52 263
2 231
117 287
136 225
158 189
273 62
200 26
219 273
290 256
235 105
218 11
90 135
168 264
8 41
221 74
93 135
202 205
223 66
46 160
49 292
156 192
246 42
274 42
112 62
215 41
70 89
209 166
192 209
294 65
130 177
16 141
297 167
156 217
121 179
143 7
96 288
236 209
43 283
170 78
169 60
215 143
291 58
218 110
298 170
186 96
213 72
192 187
38 114
33 251
48 125
226 71
228 208
226 222
178 73
295 225
53 1
209 149
7 141
189 228
182 81
211 296
113 95
300 98
203 64
37 136
155 148
282 4
115 193
193 75
6 80
196 87
270 220
86 65
286 69
167 59
72 182
23 15
56 151
235 250
236 144
232 251
146 256
138 26
5 183
111 13
60 25
249 30
98 245
103 274
108 42
201 275
102 177
15 60
135 113
34 260
156 89
123 150
72 254
10 233
91 47
20 144
226 279
177 70
161 274
227 176
170 13
30 89
67 5
5 73
164 140
51 55
79 24
268 24
126 121
104 45
112 224
56 180
200 18
153 35
72 69
42 296
299 164
242 40
84 114
175 200
221 172
152 283
165 119
153 166
78 265
90 122
240 125
20 142
244 143
187 2
186 10
113 41
115 25
33 104
172 217
237 221
229 105
5 9
226 76
97 213
146 131
43 193
275 205
199 157
216 221
13 258
135 79
206 23
147 247
204 57
3 277
37 2
212 171
180 71
131 258
100 6
9 254
131 165
298 65
137 81
191 256
170 28
215 242
147 3
210 191
281 20
49 262
9 145
23 227
115 83
159 2
47 248
68 198
147 282
208 191
158 82
69 68
218 190
235 94
143 39
32 75
291 56
42 32
28 5
65 72
181 188
202 270
69 188
5 215
253 101
265 282
227 121
90 10
98 298
262 79
55 53
81 209
235 145
207 56
94 194
98 126
290 87
161 292
162 288
194 274
299 264
9 98
231 149
243 209
52 135
280 86
270 221
229 156
158 63
267 76
36 165
30 178
62 130
219 3
162 178
214 229
160 217
156 231
42 18
131 17
283 137
205 29
292 117
177 189
213 151
66 35
165 20
138 34
34 147
202 109
282 42
117 184
255 250
288 116
270 54
196 153
90 18
261 223
36 42
75 108
32 214
25 193
49 272
172 261
61 246
68 221
241 175
297 50
38 268
69 33
176 118
222 37
237 106
79 189
277 270
186 106
160 80
71 267
131 269
43 56
207 27
126 228
284 140
199 35
163 213
266 277
92 296
29 264
148 161
113 177
99 196
58 263
52 16
120 230
162 260
104 94
180 109
238 30
135 230
231 275
215 154
191 171
31 77
276 43
145 171
281 90
183 115
276 244
141 274
225 39
180 270
44 266
224 87
299 1
203 273
210 202
36 248
9 239
233 27
30 82
69 290
232 272
43 12
65 234
208 241
161 183
289 216
96 103
120 62
140 198
286 166
85 51
199 20
63 109
10 246
67 66
96 81
219 43
297 113
25 205
76 81
168 295
150 152
211 238
74 187
256 55
188 80
31 89
250 76
212 268
146 295
244 263
235 107
40 43
163 12
245 18
250 214
62 85
130 261
54 170
93 277
155 106
42 12
12 288
264 135
72 33
157 232
136 82
256 9
37 201
296 4
188 104
15 193
112 84
28 184
87 287
170 24
182 166
255 101
204 160
265 202
235 54
276 111
139 137
293 41
37 84
277 201
10 135
120 165
205 284
51 215
160 277
131 24
31 76
31 166
44 102
257 278
58 129
290 244
74 90
262 10
65 200
124 96
91 99
248 286
253 137
92 132
244 69
267 293
140 239
130 22
19 149
241 40
111 157
199 241
215 32
69 268
115 169
187 248
231 188
100 69
89 236
137 166
139 182
86 104
265 59
237 298
229 145
12 223
100 202
23 272
4 76
192 287
177 236
150 121
231 119
234 260
19 208
209 286
260 68
196 160
190 144
26 274
282 228
197 65
219 16
177 197
162 100
22 131
259 103
232 9
229 25
44 10
256 211
90 118
283 122
267 139
195 189
240 1
212 249
150 81
156 279
47 282
130 81
144 179
57 196
214 31
243 36
145 151
199 36
25 274
208 43
71 269
124 108
131 158
260 4
207 90
224 237
102 191
144 147
134 203
62 215
155 139
209 85
271 112
234 71
227 204
254 266
160 280
89 104
293 86
212 289
229 203
3 213
11 171
25 80
210 104
97 32
225 236
62 289
271 45
162 151
84 224
52 194
38 71
70 268
290 176
267 51
195 147
217 93
103 148
8 146
53 210
138 89
92 149
205 67
62 45
204 199
290 52
282 100
247 136
297 275
54 207
173 122
64 150
199 101
70 182
182 157
115 146
41 208
254 134
199 43
273 210
21 248
71 61
160 68
175 146
177 210
18 283
14 178
1 225
204 223
64 129
115 41
101 282
36 16
203 129
228 19
103 252
74 127
111 287
17 49
50 42
271 279
261 1
288 142
274 230
85 100
70 98
272 217
84 14
185 27
10 18
234 119
101 235
264 86
89 261
291 275
111 274
8 31
7 191
255 192
176 70
121 271
175 144
291 195
188 229
46 31
77 287
269 267
260 223
166 172
141 300
240 115
146 86
270 218
250 104
171 239
239 62
89 80
80 256
278 157
47 193
126 37
7 121
87 165
159 300
146 251
194 9
173 236
293 251
4 299
60 11
159 220
101 8
63 145
7 125
101 137
81 83
289 21
220 188
21 270
30 39
169 150
173 163
299 137
65 204
237 179
58 234
291 126
5 176
98 208
198 98
174 202
211 176
141 17
88 281
278 269
298 73
204 177
84 66
276 5
161 199
78 220
136 181
116 274
206 45
193 287
83 68
279 182
269 54
298 179
32 38
187 262
196 240
237 250
71 23
292 198
172 299
117 179
73 285
268 20
194 114
206 80
239 276
23 216
282 52
137 171
7 225
202 8
134 40
163 183
8 98
40 72
211 129
116 211
89 283
207 6
21 169
255 66
255 289
246 263
154 112
143 159
149 1
273 263
263 21
151 106
293 113
214 20
169 59
62 36
157 257
294 94
88 29
175 238
53 243
140 267
46 246
141 73
26 183
276 167
211 27
146 166
30 254
8 88
34 51
192 210
180 257
139 27
106 110
90 110
111 30
222 216
212 92
218 284
187 157
185 161
171 139
37 11
209 8
210 34
26 136
128 102
174 179
171 40
117 176
124 247
11 287
14 68
183 16
103 21
222 200
22 204
15 6
292 43
142 277
142 259
180 150
260 289
157 289
271 260
138 219
76 285
191 270
232 213
130 157
90 14
194 248
216 39
97 293
250 283
26 50
220 198
164 4
241 205
44 89
91 261
291 172
48 276
214 263
236 239
265 256
60 77
249 261
121 154
225 246
283 193
225 51
263 127
46 288
209 178
38 227
135 244
81 42
8 191
135 236
290 16
247 188
74 71
125 197
111 192
143 146
20 205
280 108
80 244
292 210
71 224
221 37
287 209
295 203
52 257
71 157
105 111
273 265
284 128
219 212
245 150
16 109
77 206
58 40
131 255
245 203
162 36
42 272
148 298
277 185
33 43
179 43
134 41
260 212
163 277
46 178
201 184
240 113
229 237
136 196
63 265
146 137
244 154
107 276
57 296
194 116
53 91
82 95
91 133
176 215
52 252
149 106
115 223
132 245
257 10
183 76
258 32
101 192
206 130
244 103
211 293
288 200
105 107
66 159
236 247
197 50
238 108
185 34
278 122
283 195
217 10
58 20
201 116
85 288
282 88
95 64
299 99
282 134
7 265
212 95
53 94
193 191
210 282
295 4
55 98
265 194
73 42
169 269
172 66
53 225
184 188
233 2
34 146
243 110
294 29
177 110
265 88
206 276
157 146
132 276
250 174
44 24
210 176
1 253
248 44
13 57
195 221
17 122
4 78
112 125
4 213
272 24
87 247
225 100
58 130
252 275
50 3
130 235
167 252
254 117
238 243
218 32
19 57
263 131
272 176
164 114
216 29
175 174
177 100
140 225
194 134
52 7
210 246
35 263
203 181
254 195
44 128
66 91
183 146
256 106
136 68
119 89
68 103
197 46
270 53
198 163
186 257
198 80
65 282
259 233
114 40
166 245
261 266
294 52
98 121
146 28
133 237
183 98
194 180
187 288
146 242
157 188
176 247
67 291
227 275
129 215
200 69
213 58
64 114
285 125
4 258
162 143
185 267
142 66
186 192
231 93
73 279
37 241
230 143
95 68
34 50
220 278
54 205
202 286
202 238
169 197
283 29
146 192
169 190
193 117
182 289
276 279
34 92
249 197
192 105
96 34
215 141
54 68
3 118
203 237
292 298
295 93
215 15
56 95
223 28
149 108
244 222
193 262
73 161
182 27
220 118
100 249
176 79
127 156
291 153
181 194
33 254
106 102
67 135
6 189
293 31
275 261
116 278
236 262
60 275
11 7
248 219
300 261
57 36
215 87
127 66
158 237
232 125
156 193
120 93
145 160
132 110
191 176
34 271
11 47
59 124
27 25
169 265
102 251
137 88
153 8
50 205
142 45
97 283
148 22
9 191
296 293
290 43
151 89
236 255
82 94
213 268
145 167
25 156
132 225
183 108
252 125
163 234
163 69
210 135
132 160
56 222
248 121
203 87
37 89
13 278
30 232
46 120
236 64
217 180
5 172
203 283
84 32
215 64
147 292
59 211
219 255
227 147
228 168
180 5
238 128
18 7
243 226
27 82
14 170
30 156
253 114
228 30
191 236
2 299
169 204
84 265
113 54
64 191
267 171
233 120
107 209
258 213
251 213
79 16
90 205
257 282
274 17
33 116
191 170
27 1
1 196
59 38
251 255
57 286
236 106
292 12
234 61
202 149
79 188
249 107
139 246
37 12
115 237
38 43
176 240
273 88
11 235
30 116
151 202
282 69
95 28
180 247
224 219
67 189
123 175
214 232
24 43
190 175
148 237
48 241
104 229
49 122
291 21
183 42
224 76
267 181
110 170
285 217
70 110
110 72
143 219
102 208
215 191
252 37
161 88
195 10
263 65
210 117
260 278
136 95
255 26
252 293
42 245
147 218
224 107
37 23
44 231
140 237
55 137
92 255
53 277
245 57
93 46
117 211
235 223
71 93
125 185
259 119
230 172
257 250
88 113
205 152
299 42
253 87
59 249
70 203
275 144
240 169
146 20
82 17
62 255
150 14
182 54
189 275
139 52
45 160
249 81
9 298
220 218
284 18
259 266
4 19
3 292
96 31
128 270
121 258
192 201
137 178
182 206
279 29
237 64
65 121
287 271
222 87
270 38
104 257
86 14
249 53
177 155
53 132
74 234
90 70
165 169
151 81
108 59
20 18
67 6
232 60
172 1
177 203
183 38
118 171
113 136
74 215
135 55
63 132
272 222
216 96
46 241
232 179
218 163
44 206
115 134
268 187
211 254
139 161
86 165
255 74
41 86
182 12
148 113
44 3
116 209
78 159
226 283
192 207
175 68
144 31
222 151
288 175
201 100
276 45
260 190
87 107
100 186
253 262
45 49
87 100
24 242
183 64
54 198
167 264
195 90
267 290
76 165
28 124
2 120
1 122
190 100
90 103
108 106
49 26
102 194
79 128
99 109
133 278
189 50
254 85
158 11
179 40
29 260
49 94
124 131
139 129
249 182
264 121
160 133
117 80
171 44
179 272
264 114
58 75
86 63
11 102
44 298
78 14
160 168
145 55
137 79
44 40
82 100
95 108
113 38
83 108
117 136
288 3
125 267
108 141
62 181
71 260
65 227
17 34
110 1
280 120
150 185
108 61
114 127
272 173
226 83
55 74
81 167
253 117
110 172
186 229
226 295
93 158
192 34
204 91
174 247
114 95
231 38
122 299
229 67
110 34
123 229
189 192
281 296
257 76
178 224
265 24
164 69
129 52
225 98
252 243
9 210
297 121
86 6
125 291
53 156
68 269
234 142
72 236
199 58
219 202
158 167
117 74
240 24
168 256
231 14
46 112
5 107
259 172
213 256
69 89
298 95
78 54
254 189
97 296
217 192
262 171
136 88
164 198
114 243
299 240
204 64
136 272
273 35
22 122
272 296
224 104
139 21
36 233
254 112
152 53
238 40
137 113
235 79
20 162
47 210
291 110
100 165
262 99
258 67
135 131
158 243
84 178
292 62
102 75
190 30
152 35
207 104
148 24
65 211
22 199
7 119
43 202
208 268
167 76
274 144
287 88
276 196
164 261
83 217
261 93
47 230
190 162
294 48
174 53
12 237
275 222
197 148
11 84
300 149
105 135
295 7
248 98
252 110
35 186
287 57
232 62
149 134
165 189
39 93
290 40
221 217
281 197
223 186
273 1
131 60
248 278
150 111
196 158
78 36
201 154
226 59
74 48
94 99
56 106
119 156
170 240
109 101
163 174
148 110
178 143
102 12
105 11
131 52
8 130
220 40
27 127
61 233
71 202
287 250
217 131
227 131
25 269
232 259
293 259
289 79
39 198
229 125
3 241
153 82
38 200
93 12
212 98
247 203
179 74
98 194
65 256
295 91
299 263
181 39
264 278
259 143
178 12
159 197
45 38
292 179
282 190
168 34
108 234
62 51
38 10
287 255
288 11
165 99
89 79
99 237
110 261
239 47
150 242
29 223
89 180
77 225
167 235
249 28
81 263
208 57
117 191
33 84
62 129
40 125
145 202
180 265
275 172
9 96
56 81
1 29
84 6
226 157
133 124
67 163
90 169
111 214
9 171
205 170
95 140
210 248
239 224
274 169
282 87
179 15
138 296
72 180
114 131
68 257
80 112
41 260
55 62
85 181
156 10
2 40
180 80
155 156
59 99
145 154
57 203
231 33
283 36
207 34
105 33
94 138
63 180
190 47
6 151
89 101
56 229
263 104
215 106
6 103
125 5
8 95
137 245
184 286
110 119
191 66
145 158
271 127
134 261
206 193
8 9
187 196
232 268
38 294
63 258
31 69
37 244
104 294
2 20
272 39
53 35
228 254
116 39
177 36
198 237
124 227
57 276
277 260
196 176
213 257
153 216
176 224
264 244
235 175
67 160
11 22
52 259
80 16
74 61
223 298
228 94
5 82
197 160
10 245
54 53
274 22
27 287
267 89
7 254
5 124
123 205
185 26
126 213
39 247
84 217
276 273
46 72
293 158
92 294
13 268
224 95
295 71
252 87
138 115
132 168
267 43
232 16
270 263
153 201
145 77
136 75
92 96
291 81
265 191
65 7
283 34
189 56
64 122
17 288
148 227
128 107
287 29
208 284
35 24
37 199
244 127
255 10
101 281
295 200
149 112
266 2
113 7
145 150
133 113
12 293
281 28
272 197
300 230
284 103
120 298
252 246
28 238
270 283
141 98
49 22
273 204
135 290
50 75
220 160
99 223
146 126
155 38
19 257
193 243
59 291
221 122
147 161
93 192
70 94
226 166
12 33
191 218
222 112
113 226
275 256
50 167
46 25
117 148
178 277
124 88
108 297
3 271
121 149
182 198
42 234
126 135
38 226
184 30
227 70
20 30
33 149
136 293
193 286
267 191
279 234
135 15
263 194
142 27
137 38
13 71
15 288
184 139
272 229
79 291
98 79
16 68
76 283
252 16
281 207
58 64
291 222
72 67
11 93
252 244
207 67
296 165
128 222
256 254
18 46
110 111
130 51
5 13
176 124
142 180
106 95
267 170
142 237
230 292
159 207
215 165
143 272
265 210
161 192
103 79
60 52
148 93
94 58
72 212
229 9
122 255
291 129
207 274
34 85
289 38
273 288
197 157
12 62
107 93
31 281
114 151
10 93
250 112
41 169
288 118
236 77
88 168
282 264
255 296
172 133
295 164
18 145
242 256
189 14
132 59
261 162
104 185
231 122
262 141
32 180
160 100
111 193
26 216
79 251
120 174
100 237
212 34
57 136
282 73
21 256
56 227
207 164
11 242
247 115
22 221
130 47
207 190
15 252
192 113
212 165
65 50
140 100
283 57
147 85
54 30
165 59
272 279
199 92
225 60
112 43
200 253
231 24
118 70
120 45
161 51
84 257
264 75
248 256
231 71
130 9
138 128
191 144
137 120
79 48
174 185
13 222
138 197
34 16
120 181
258 7
268 166
231 67
173 248
234 17
28 178
158 137
101 162
227 98
6 237
3 296
261 30
211 170
205 9
90 89
80 26
101 139
170 147
166 109
276 285
8 133
287 135
273 124
183 82
76 105
220 19
119 29
276 136
23 265
298 72
15 159
73 262
144 133
187 234
288 192
23 235
242 34
80 66
227 145
240 62
117 282
185 207
287 294
167 247
178 185
147 187
255 78
282 115
246 244
4 178
104 56
170 111
235 260
81 215
289 158
224 48
40 295
169 159
49 77
125 47
248 20
74 134
61 230
35 280
204 103
57 277
99 84
263 220
173 12
198 177
111 15
71 270
9 113
255 189
186 280
3 234
85 143
140 53
156 198
244 117
216 248
236 146
166 57
100 255
162 5
137 84
173 162
88 140
100 26
78 284
207 79
282 130
134 178
192 172
10 129
55 168
20 113
40 55
242 147
6 10
247 13
171 228
48 169
166 256
87 184
120 186
124 182
88 89
235 256
232 74
161 93
215 234
44 280
224 29
296 28
191 158
144 38
108 125
48 261
262 22
189 36
261 292
289 298
185 96
86 276
38 108
83 75
66 188
43 62
200 77
59 14
155 187
65 25
78 128
47 253
289 141
154 72
14 160
278 267
151 259
64 133
161 255
96 77
28 82
2 123
229 108
204 187
75 37
206 176
86 297
256 155
71 128
101 296
142 296
204 31
155 44
80 156
212 256
167 13
265 30
244 58
290 160
81 272
232 63
33 114
112 238
274 151
179 65
176 170
89 134
209 181
202 132
3 154
212 67
5 149
146 1
178 157
64 266
45 114
87 176
274 88
300 203
126 279
258 22
119 206
200 117
29 9
119 256
46 170
31 38
72 53
154 43
192 10
216 282
154 83
85 241
233 219
179 222
216 138
27 4
25 280
218 246
289 258
131 208
71 40
265 50
177 150
274 3
223 116
13 214
134 296
265 188
63 115
8 124
97 76
109 49
238 168
194 220
222 5
43 8
183 72
73 76
72 258
244 85
122 222
277 65
177 170
92 180
280 237
284 231
193 216
138 70
246 112
15 289
118 181
281 36
164 36
205 300
128 28
239 38
288 237
248 205
135 26
124 149
31 79
152 68
295 148
109 200
217 104
87 91
132 231
23 86
163 9
118 175
25 268
132 252
111 106
109 169
257 33
119 13
125 25
118 22
238 225
191 136
295 22
122 134
258 178
144 81
9 159
126 259
4 278
248 14
150 51
210 193
122 131
131 127
136 273
173 195
197 245
216 21
282 111
214 174
149 13
211 253
111 142
102 300
218 221
211 234
80 266
72 287
77 217
32 183
10 228
201 221
286 196
34 149
212 143
151 239
180 148
256 33
149 87
38 241
18 298
114 101
85 10
88 260
149 90
257 72
86 71
257 291
275 103
238 20
43 214
282 300
145 136
157 35
131 293
146 215
192 159
85 132
42 216
51 19
109 113
170 154
297 96
196 15
88 81
209 294
173 120
155 25
54 138
136 232
160 166
174 146
87 289
170 94
242 213
156 122
122 289
279 220
290 262
99 200
68 180
259 68
289 22
136 213
134 71
3 13
209 176
141 139
191 92
97 130
217 34
225 265
8 207
262 174
115 97
251 230
205 253
94 91
72 55
128 139
296 85
139 239
61 243
11 172
213 266
138 44
251 168
82 86
121 265
56 246
59 174
67 242
298 212
101 29
86 281
50 282
228 8
27 121
101 128
12 46
137 133
15 132
37 143
11 124
213 145
277 143
27 179
78 52
75 87
64 217
292 287
8 136
33 50
288 98
146 89
66 187
90 239
144 86
134 181
21 18
41 286
236 222
248 198
125 204
187 214
264 221
171 169
293 179
235 112
162 221
105 59
299 88
113 217
64 190
294 278
151 16
181 7
92 68
170 151
85 117
193 147
185 10
40 209
113 11
3 171
74 16
259 109
49 60
60 269
1 135
227 130
141 224
265 217
203 132
245 163
75 257
206 3
238 228
231 273
187 116
41 107
297 40
185 4
134 29
74 111
207 97
290 17
200 129
46 177
84 25
299 227
70 295
126 239
293 282
211 49
186 245
297 60
111 31
120 43
298 249
251 240
154 156
102 129
79 275
35 92
51 249
201 151
210 108
255 96
17 40
192 252
50 222
57 291
241 246
21 1
216 91
292 146
144 228
99 257
99 24
14 195
10 152
153 33
8 64
148 8
93 150
97 225
123 284
88 60
172 266
284 114
213 205
137 98
77 61
254 80
197 239
65 10
47 290
132 137
18 51
211 52
236 148
84 287
152 90
258 286
172 118
76 248
109 203
299 297
154 90
259 140
244 25
42 221
141 153
3 227
24 20
237 295
294 272
173 292
209 226
132 229
160 124
214 203
292 280
54 201
115 69
286 36
34 21
217 179
45 191
225 176
140 50
145 186
172 156
260 262
128 283
142 236
156 265
209 145
191 192
299 176
75 278
174 131
287 248
173 246
169 61
65 92
281 65
71 3
188 248
276 207
109 201
148 122
68 187
156 47
178 195
212 42
162 272
81 262
260 194
72 199
108 84
157 208
195 50
125 167
67 75
41 48
287 7
166 177
96 176
120 29
96 289
256 57
47 97
163 280
41 74
13 275
247 84
117 107
125 118
253 227
109 238
165 187
239 45
46 63
187 13
130 159
39 250
196 229
44 53
287 136
142 98
87 167
18 17
49 10
204 29
105 140
74 81
203 266
230 198
281 98
60 187
87 249
85 300
30 201
201 80
62 74
99 103
251 8
92 179
146 259
199 183
170 216
179 21
18 211
150 36
248 27
75 101
178 135
29 123
79 9
186 292
262 288
99 16
166 86
44 59
29 72
30 129
278 104
221 261
275 4
100 43
251 74
224 163
81 238
257 249
63 51
1 243
297 234
50 129
167 137
112 156
102 98
193 59
264 277
24 144
251 233
24 29
136 154
199 247
139 2
139 55
178 90
145 76
248 54
236 86
247 132
63 1
197 123
193 13
58 192
81 29
92 171
160 40
218 44
33 258
46 263
88 72
255 295
38 220
63 218
215 69
273 298
206 42
202 161
137 24
103 48
20 135
58 67
292 81
261 22
31 197
83 149
226 63
186 278
189 170
226 235
37 203
147 138
211 160
282 162
4 5
160 23
151 105
174 140
268 86
199 16
92 131
177 232
79 164
16 21
162 126
214 246
36 230
282 286
50 145
238 300
35 220
114 49
87 207
233 121
191 175
202 78
152 108
297 197
37 150
155 220
121 64
52 153
193 157
94 60
23 255
225 41
170 287
106 157
247 151
279 185
212 192
74 34
32 111
92 64
147 139
291 226
292 295
236 267
10 77
149 59
129 206
99 172
232 38
88 278
207 245
68 166
41 29
161 82
42 167
257 158
109 94
273 95
113 86
128 74
32 261
297 290
213 93
114 2
166 121
5 236
278 49
180 280
134 126
6 22
172 246
182 14
218 7
300 195
24 32
105 294
25 189
4 281
227 150
37 125
280 126
186 87
210 67
94 100
261 160
212 242
263 158
183 286
35 167
17 39
263 289
57 55
85 47
226 144
83 158
43 50
230 240
90 30
234 282
185 222
267 230
229 70
75 206
277 63
228 83
134 45
214 75
177 99
69 225
185 51
6 39
124 137
212 278
37 289
82 292
131 90
270 299
188 168
67 264
278 87
32 265
33 53
194 59
191 32
10 161
194 150
109 187
138 230
106 131
69 78
176 168
181 70
133 127
219 19
12 56
95 125
294 89
52 62
79 110
175 61
223 226
55 212
33 260
30 298
39 249
101 91
43 235
52 43
66 34
272 153
69 109
270 168
163 74
157 79
268 280
168 133
153 78
54 262
144 42
181 101
227 200
168 111
188 276
271 53
242 293
117 257
161 288
133 298
131 205
204 46
294 159
288 129
53 279
97 81
15 164
145 22
284 237
286 188
88 178
107 199
248 299
115 261
261 163
17 275
50 255
122 69
239 50
176 113
108 24
131 234
226 15
254 221
212 60
56 6
162 10
21 11
234 88
125 70
64 230
181 32
162 176
21 127
294 25
119 189
195 53
51 7
268 259
10 143
95 188
88 202
203 178
221 182
127 162
169 54
239 78
187 22
218 15
111 295
68 289
33 300
145 66
125 32
295 207
148 115
213 211
63 37
221 126
2 200
63 123
154 229
123 122
263 112
207 98
39 259
111 216
25 99
107 150
183 270
289 54
216 165
275 97
134 56
14 295
279 106
20 40
103 139
95 247
216 155
258 300
182 277
20 78
201 120
68 2
118 62
267 282
250 132
190 243
261 211
282 146
88 204
198 142
70 51
85 278
71 247
211 223
130 55
119 99
32 248
207 121
130 36
175 181
236 256
128 185
124 110
220 101
7 139
106 49
113 62
201 81
92 110
77 198
81 298
20 14
213 60
22 207
31 139
93 248
25 102
98 152
125 165
10 287
18 113
293 193
213 53
161 263
206 73
206 24
207 163
157 27
91 193
166 244
287 221
115 276
169 96
111 73
7 176
48 3
260 186
17 114
76 57
253 17
16 121
234 221
159 132
235 24
202 162
62 187
107 215
30 263
101 52
65 77
250 4
91 122
44 1
152 250
34 163
27 38
138 18
57 109
53 32
202 267
30 233
9 39
167 112
219 156
22 206
256 225
112 67
157 19
267 5
89 108
7 253
196 17
251 129
67 164
228 102
17 147
69 52
266 37
151 29
119 229
129 224
63 244
278 126
55 143
105 178
31 287
32 160
129 184
214 148
112 101
119 243
143 218
58 254
88 116
217 222
235 82
104 10
133 276
192 4
258 205
269 103
220 96
179 35
182 259
157 117
238 91
105 210
91 237
102 188
232 193
7 97
103 14
83 267
220 249
26 36
22 28
48 174
23 28
238 3
203 19
107 131
35 34
159 206
133 104
191 139
23 225
134 138
4 155
160 143
92 80
1 269
282 242
202 197
29 228
280 250
214 55
77 170
15 258
57 84
47 137
212 193
158 185
260 232
230 286
216 188
87 190
139 23
5 99
81 271
100 34
68 51
131 71
147 160
235 163
267 72
72 74
150 143
113 151
66 118
203 223
133 275
191 150
137 235
62 102
281 210
128 217
189 271
225 76
43 117
122 72
150 285
143 36
199 245
198 300
268 277
78 60
69 130
244 109
269 19
108 172
83 20
277 2
151 219
250 197
44 254
185 148
90 204
251 25
250 178
110 5
203 164
78 199
62 227
196 4
216 144
52 6
101 81
279 170
49 100
270 119
287 109
281 60
137 45
214 209
66 62
51 99
244 220
99 107
226 198
118 187
242 42
256 133
136 229
234 251
18 296
117 17
230 154
145 174
151 191
3 239
60 6
276 22
36 196
16 64
152 196
56 136
72 56
124 134
255 286
69 24
102 293
140 137
80 152
125 253
193 118
185 142
66 221
256 50
299 162
140 195
186 142
192 109
237 24
300 109
222 195
225 159
245 126
202 35
95 181
22 215
57 3
24 264
27 140
290 41
103 27
227 174
185 100
118 122
64 135
207 260
3 215
58 100
254 143
269 123
194 117
37 272
136 92
100 97
179 79
170 152
118 223
53 230
59 177
56 244
74 252
218 68
98 181
37 44
112 47
44 62
88 235
277 83
275 265
238 62
236 32
206 105
148 153
19 244
129 22
217 61
22 77
232 217
126 143
175 49
65 252
177 181
4 81
296 56
175 125
170 75
159 168
114 76
185 289
80 107
224 187
205 210
47 117
1 270
201 127
145 37
20 82
96 181
57 216
72 256
1 99
21 81
95 289
136 70
49 193
264 93
48 63
158 159
173 82
212 251
205 111
98 249
137 211
231 73
130 172
153 203
175 272
275 219
26 67
62 161
239 121
60 51
3 162
10 273
3 39
61 214
69 240
285 8
130 15
229 171
109 35
231 113
154 271
295 282
118 243
295 212
19 42
113 22
239 189
257 246
40 239
264 14
45 127
150 84
98 271
299 132
274 204
176 292
191 273
20 178
128 248
74 244
174 93
248 218
102 245
297 172
272 210
205 130
91 146
216 276
178 40
216 94
168 90
97 258
127 37
254 101
281 264
272 34
254 274
115 140
57 179
88 167
98 38
283 12
239 84
88 67
4 58
129 284
283 90
156 201
135 194
220 56
201 200
175 6
277 274
245 49
104 165
243 27
250 79
9 236
237 174
93 172
148 198
73 55
181 195
60 72
226 245
105 28
164 64
166 21
61 297
160 33
156 36
123 14
235 124
32 167
110 64
136 190
288 159
131 176
253 78
152 208
99 214
168 130
122 249
47 141
58 26
272 26
292 264
224 195
146 96
231 118
191 132
156 252
268 224
202 52
91 136
46 156
140 139
40 146
213 142
47 200
42 140
62 64
135 173
111 48
169 82
234 203
120 171
121 226
116 292
123 285
259 48
133 128
40 250
168 237
22 223
144 262
299 290
238 147
296 217
250 65
1 91
209 72
249 31
14 95
102 123
100 232
65 230
163 13
110 141
100 30
72 108
157 291
241 4
111 89
58 236
297 190
169 248
157 144
68 279
167 41
58 11
139 108
138 279
124 117
48 152
296 38
42 168
261 127
150 235
280 5
185 266
154 257
189 105
100 155
61 205
174 57
280 3
11 248
112 228
162 298
216 43
38 94
226 7
260 49
223 171
149 63
81 30
224 193
104 280
67 128
224 154
134 266
222 296
15 77
143 26
112 58
91 124
128 175
271 217
30 197
112 253
245 15
29 255
286 225
73 16
105 266
3 230
52 291
280 221
150 134
189 85
10 283
122 79
277 262
168 215
68 239
83 93
229 273
295 115
141 37
266 274
193 27
209 153
93 296
213 140
179 166
168 211
146 110
8 15
228 62
218 38
256 192
300 122
49 87
185 35
259 285
17 244
210 296
18 179
98 116
219 93
269 228
89 28
131 133
4 166
148 220
295 99
134 133
160 291
144 71
289 189
8 245
289 137
233 20
102 246
5 219
200 91
69 168
280 204
43 242
215 224
242 144
291 240
60 42
224 291
116 143
24 177
249 279
209 65
221 101
131 275
74 9
63 266
151 241
53 135
219 22
1 133
35 112
118 218
27 268
83 61
155 160
96 10
40 231
136 29
218 47
179 38
215 17
10 123
176 153
290 147
133 92
147 251
76 215
18 148
148 140
268 113
192 26
288 18
45 223
293 262
185 202
266 119
99 185
168 274
126 50
48 73
72 169
80 253
296 12
292 267
288 299
188 146
187 69
1 217
287 107
3 56
116 174
27 19
199 280
97 46
100 99
216 40
13 64
172 185
92 202
117 236
287 139
206 198
93 24
23 20
161 186
66 179
261 299
128 160
136 58
291 212
119 84
35 72
39 75
125 93
105 37
32 95
299 285
81 71
35 148
230 131
229 192
235 215
198 250
52 262
169 105
210 158
105 201
282 123
221 157
256 156
69 259
97 75
185 200
183 282
230 269
175 299
32 109
231 242
279 116
196 177
252 159
94 120
279 41
233 187
258 11
261 289
121 137
61 157
248 171
84 292
165 139
252 36
140 165
48 223
167 196
183 223
269 13
99 287
23 80
27 153
240 118
152 75
271 132
175 134
222 19
184 1
256 52
264 94
75 121
45 169
23 214
32 168
42 273
245 200
116 15
297 200
191 178
238 253
294 82
254 293
107 244
300 289
13 34
295 183
46 4
153 249
13 202
170 76
101 184
258 1
17 185
179 64
12 155
211 201
161 213
142 85
60 248
29 118
295 116
283 37
174 144
7 180
196 174
42 277
277 224
135 112
177 282
132 266
44 57
234 161
87 81
184 159
232 84
25 162
66 212
147 19
102 218
46 140
101 33
186 201
231 153
256 250
90 217
289 273
115 136
25 128
220 247
232 32
270 9
17 9
169 217
17 205
154 143
269 259
38 78
281 59
297 146
110 8
228 107
241 179
175 188
187 133
139 73
142 293
263 259
79 121
227 230
6 263
178 83
36 87
166 77
89 199
61 10
206 9
159 31
3 231
285 187
65 278
208 239
75 22
224 204
65 61
129 280
264 287
158 208
33 23
93 169
164 150
33 51
147 7
289 275
227 235
284 191
275 92
124 130
19 30
278 172
93 283
157 64
239 143
45 48
126 180
279 19
110 32
296 288
45 277
220 153
242 235
20 91
125 300
239 193
247 82
143 94
39 232
284 11
52 40
111 279
104 119
207 187
228 70
154 126
67 161
245 236
279 100
57 217
207 13
69 95
279 58
253 249
32 199
53 169
241 173
47 291
71 53
10 140
30 1
278 206
65 199
213 64
294 295
162 121
194 49
187 229
161 285
139 24
195 36
4 33
78 209
186 300
262 128
27 59
31 221
127 67
101 92
49 171
265 134
182 36
134 157
128 13
255 220
290 71
291 205
82 259
152 66
28 160
284 221
228 262
179 114
171 108
11 181
78 251
199 93
174 65
156 95
134 143
147 21
201 119
213 207
281 26
21 173
41 251
244 122
35 48
141 115
91 277
174 181
160 138
26 223
62 300
291 282
224 50
254 250
297 243
91 56
209 163
170 222
210 299
19 159
60 59
127 141
259 17
17 90
240 167
83 138
11 86
2 160
166 228
109 293
256 51
78 195
143 203
173 203
235 232
40 129
288 110
87 187
1 23
286 220
267 210
67 292
47 119
292 108
264 53
156 251
8 196
138 297
82 250
201 5
135 137
280 239
62 65
57 38
259 6
231 226
234 87
175 267
84 231
94 220
97 124
261 187
175 201
205 133
67 283
289 174
144 134
141 77
179 278
241 271
82 184
226 133
11 217
81 164
237 71
112 207
32 129
83 274
183 156
111 70
183 154
5 275
254 238
23 144
146 208
249 234
291 144
136 172
234 110
208 282
59 148
291 83
148 288
257 112
87 76
13 291
216 204
110 9
168 272
228 88
107 2
291 8
300 288
115 65
55 19
30 3
100 219
240 143
47 5
168 35
27 265
10 95
204 86
155 2
184 291
111 286
155 85
171 193
221 222
95 75
224 299
104 236
71 158
22 111
104 125
152 184
66 74
255 67
36 293
263 19
113 13
238 220
277 43
146 122
45 257
231 265
297 175
97 194
268 26
67 178
137 40
211 85
75 130
81 38
140 97
196 188
27 91
39 286
145 120
165 56
122 269
290 67
75 77
253 229
96 247
211 172
141 175
15 37
63 157
48 192
38 280
15 152
238 89
169 28
251 257
127 221
5 264
70 38
77 16
25 64
78 282
48 50
174 267
78 164
296 246
115 285
177 242
220 165
47 261
36 184
103 153
159 191
146 162
107 289
275 122
53 232
123 283
229 248
55 117
200 100
192 248
150 148
10 175
47 224
144 43
294 210
121 280
78 43
40 15
92 299
36 141
206 202
139 235
19 15
56 88
67 284
68 122
102 141
100 198
141 267
217 170
69 108
54 158
167 96
228 105
239 263
36 264
186 128
62 5
300 217
194 233
70 11
280 144
212 11
172 272
243 207
285 45
68 70
134 13
179 12
296 54
137 83
144 26
206 217
19 18
16 220
91 144
243 24
17 300
159 41
81 3
77 134
180 151
81 123
157 264
29 187
17 47
217 50
146 107
89 153
135 103
160 167
211 15
21 6
241 224
70 287
286 78
282 203
6 229
248 233
19 265
129 289
49 13
121 42
156 129
255 45
182 136
277 188
82 191
162 224
158 296
52 156
206 213
47 178
84 124
132 24
72 20
89 260
74 237
92 86
20 250
56 163
253 9
20 112
174 153
86 90
129 42
280 46
27 117
76 64
75 236
126 96
276 191
251 203
12 217
11 50
243 51
50 169
142 128
132 138
184 290
216 209
293 265
76 117
245 286
143 293
243 133
12 97
161 159
91 75
193 12
250 43
74 292
68 130
10 279
39 258
131 244
142 61
44 80
216 273
15 69
183 14
236 81
78 224
172 248
219 185
115 181
183 266
226 296
19 32
120 273
56 8
290 241
276 24
4 32
50 70
285 269
99 160
275 152
284 134
288 52
133 140
203 289
7 286
28 103
171 121
268 293
118 159
27 285
88 244
52 108
197 296
50 288
51 30
195 242
67 270
31 155
297 111
99 64
144 49
289 288
120 125
293 168
87 266
66 222
150 158
205 251
170 277
194 137
158 120
266 33
137 273
294 17
278 24
38 30
67 13
39 203
142 156
126 45
271 296
190 289
116 53
94 161
235 214
161 79
128 220
229 159
200 126
44 179
165 223
60 276
68 240
33 11
34 263
270 201
85 165
15 276
208 171
80 70
217 115
230 5
211 252
125 201
239 265
224 69
52 34
265 237
172 178
272 92
93 31
130 121
216 67
141 119
234 277
42 99
173 269
186 77
173 118
77 48
167 146
149 175
155 63
226 238
299 89
234 11
64 143
58 169
142 40
210 250
243 240
246 167
133 154
237 233
7 153
256 243
148 64
41 213
173 165
4 174
58 180
199 228
173 220
53 102
127 195
245 77
64 278
261 203
42 112
256 284
287 168
125 256
147 86
281 286
228 18
141 114
60 211
166 229
27 178
136 288
23 177
79 173
22 260
193 93
7 75
145 218
217 288
54 20
181 133
238 72
146 211
137 80
289 123
14 235
32 190
231 43
83 50
260 124
245 148
208 25
165 247
84 253
94 207
190 197
51 250
106 172
6 43
296 267
169 232
104 103
117 155
60 74
225 73
47 146
283 64
55 31
163 253
203 117
30 67
164 214
98 177
86 253
69 131
132 161
190 202
267 257
184 264
22 120
241 284
204 188
194 51
289 59
133 236
17 232
230 127
174 10
53 9
275 240
190 102
130 140
285 219
2 177
92 67
105 2
135 284
52 158
76 16
196 3
114 185
159 23
25 200
201 271
24 111
35 46
28 287
210 72
24 223
206 96
123 143
135 203
296 162
291 274
254 192
89 186
181 82
187 257
80 178
97 250
20 168
221 297
18 172
151 196
245 2
293 17
92 268
46 195
212 75
52 179
222 299
76 299
66 297
9 262
84 192
162 19
56 245
193 131
273 40
39 174
135 294
71 186
300 174
26 263
242 221
104 267
23 218
176 60
43 273
290 168
238 155
210 263
126 137
185 232
86 30
280 173
280 6
198 151
40 119
247 143
71 132
111 10
221 84
220 283
23 60
251 191
248 86
176 95
38 148
24 23
221 121
187 49
123 237
17 176
207 152
225 150
23 107
159 91
200 223
263 18
259 2
298 145
2 117
268 229
23 69
239 20
18 131
108 182
78 285
99 67
84 228
205 223
264 194
139 18
12 101
214 80
261 18
98 45
298 46
73 100
288 128
289 211
145 15
287 278
204 98
10 276
163 65
192 122
300 123
217 133
107 213
37 82
243 247
15 257
289 252
181 137
99 89
207 50
98 211
145 33
46 216
136 10
140 185
269 58
240 87
217 41
175 135
264 92
101 170
105 288
183 50
114 298
278 38
218 238
219 79
118 158
120 221
135 66
211 99
53 247
184 278
189 75
32 260
152 65
75 60
92 261
68 163
116 34
239 152
114 208
170 58
97 150
113 222
64 111
22 203
184 33
225 165
290 120
290 106
146 219
86 76
161 191
290 253
36 39
6 262
32 65
206 224
2 90
87 285
200 150
286 256
16 23
244 73
245 283
99 101
113 132
16 9
243 168
229 45
190 10
181 56
30 171
171 88
89 164
181 158
7 32
58 127
4 252
28 30
278 117
99 219
229 37
60 9
53 87
43 41
156 51
221 253
153 15
178 64
153 263
155 157
20 159
4 31
67 156
66 106
104 288
256 231
191 179
124 190
218 193
61 15
200 96
137 102
243 262
168 49
50 208
44 34
36 60
223 74
67 180
273 78
186 44
155 194
108 240
196 37
147 176
180 215
114 227
256 219
26 253
47 93
17 112
44 173
294 214
146 30
31 181
118 116
143 158
21 2
121 23
40 53
191 133
158 211
47 198
25 241
237 181
241 26
227 22
47 3
182 287
227 215
280 73
118 212
152 7
51 254
198 227
111 173
235 280
254 249
8 46
2 52
88 83
145 118
268 146
112 171
220 176
15 291
27 20
93 105
221 158
175 153
159 106
6 258
2 64
209 279
11 71
134 208
300 106
97 288
159 173
11 10
177 106
158 121
147 43
259 85
134 286
109 4
110 284
138 96
8 264
128 167
53 75
164 231
237 150
234 287
22 172
110 88
174 201
195 258
108 36
110 35
220 66
239 83
106 265
101 118
99 74
193 77
288 79
153 90
228 59
115 204
197 79
191 30
163 272
177 199
44 9
273 16
133 68
273 283
145 122
124 155
6 149
20 160
156 78
73 64
244 228
258 51
148 95
78 146
114 168
26 237
84 199
196 222
115 278
127 184
191 268
158 272
150 163
68 283
207 96
222 12
235 261
251 271
214 292
266 244
285 96
195 160
72 196
206 10
68 58
104 230
12 32
54 290
277 232
67 102
125 30
129 9
276 83
167 255
238 188
133 178
256 128
65 15
122 267
27 98
187 5
99 40
58 14
119 269
4 158
11 269
175 75
214 224
207 183
91 284
152 143
232 106
187 158
256 232
158 135
118 233
99 218
216 49
117 94
198 21
254 241
218 236
250 261
53 59
31 161
128 109
49 293
41 220
84 293
266 5
38 64
282 173
35 253
289 111
275 143
266 264
117 59
139 276
148 172
174 213
150 146
110 276
105 68
206 63
3 67
254 186
16 182
23 270
264 95
107 200
244 102
99 183
221 132
258 40
245 162
173 185
256 238
274 255
25 100
12 14
49 50
59 45
288 58
252 248
281 251
168 66
120 142
245 155
296 201
145 262
30 290
12 272
203 90
104 272
254 49
149 264
128 299
235 67
100 116
229 93
63 23
130 93
100 238
111 195
296 59
177 258
176 178
280 223
278 175
162 13
293 69
114 12
97 55
285 205
84 166
246 114
40 47
68 150
184 104
114 14
146 76
131 103
176 120
148 46
61 33
95 193
28 270
207 113
78 120
116 297
120 219
299 17
170 52
39 96
229 2
267 279
115 64
98 236
225 22
61 20
284 155
180 233
285 216
293 85
176 181
120 286
277 114
73 119
130 37
262 106
202 181
97 233
21 56
149 210
13 159
209 84
230 86
102 169
71 266
144 170
230 163
172 76
165 233
65 137
182 179
33 178
77 237
76 270
116 225
169 36
30 260
44 16
161 200
115 176
233 90
296 203
187 106
64 11
100 112
128 207
31 240
247 146
231 79
267 235
51 4
247 272
118 286
125 137
154 266
198 84
99 126
113 104
26 79
127 30
194 267
206 54
38 295
205 28
297 103
210 208
216 73
232 25
24 54
181 199
214 25
49 9
252 126
249 108
223 56
14 213
91 228
191 3
181 147
122 67
198 20
273 244
16 207
133 39
16 134
4 230
65 251
281 292
103 19
152 210
36 149
44 73
167 293
211 151
6 170
277 145
169 99
288 30
161 222
242 287
126 85
205 186
54 216
173 264
160 264
40 64
72 71
175 240
278 141
270 122
230 195
28 41
280 217
126 23
128 278
175 5
269 149
197 263
135 216
55 268
197 155
230 111
89 57
110 10
188 121
75 154
1 132
250 36
153 66
127 199
44 69
51 12
232 64
261 222
5 298
108 184
160 131
227 35
117 163
76 126
181 76
193 152
285 180
250 53
25 220
149 222
177 79
31 117
271 41
271 245
71 43
214 16
284 58
56 139
218 132
42 115
12 17
72 36
60 228
18 153
97 54
180 173
225 164
212 137
284 249
177 90
144 113
33 250
59 264
27 52
182 225
134 114
41 158
88 172
8 10
124 231
67 199
213 16
182 159
220 192
196 189
230 174
32 264
103 62
43 187
171 72
267 266
159 196
44 289
298 130
268 19
159 119
230 196
74 37
205 290
32 189
33 75
256 292
209 198
69 237
27 273
198 128
298 277
92 141
156 40
82 143
226 180
4 114
152 110
252 157
275 129
5 3
246 72
266 66
254 89
175 13
184 194
135 197
50 88
109 151
265 145
212 53
21 283
25 180
170 182
100 9
32 82
254 23
139 35
200 114
244 43
73 81
237 195
215 128
265 211
195 154
284 37
142 114
216 53
280 77
175 205
180 93
159 60
245 95
10 28
27 238
28 162
33 22
137 290
51 50
246 198
270 255
286 288
181 297
181 169
78 142
166 36
28 215
217 89
196 63
263 245
232 5
162 248
65 279
234 217
198 183
255 3
59 30
17 133
2 77
127 169
208 188
4 276
2 282
179 22
12 153
218 205
295 80
131 62
184 24
130 276
71 254
25 138
208 128
61 12
129 81
86 195
136 71
144 295
285 77
243 270
171 102
20 141
85 110
32 22
77 179
182 114
179 23
29 43
235 91
248 139
171 109
88 120
115 119
157 186
2 186
109 8
104 159
294 131
287 133
232 180
293 235
127 204
193 272
30 300
159 123
104 182
61 285
258 198
22 8
103 171
35 260
12 146
158 269
209 217
53 162
292 142
103 211
236 198
155 287
279 34
267 2
248 177
42 227
170 179
216 88
263 145
102 35
162 197
195 27
137 210
55 127
298 57
22 72
107 113
142 102
184 197
146 83
261 256
124 145
244 265
291 182
194 262
66 275
93 128
24 193
182 222
10 159
110 120
19 198
139 152
241 136
279 15
258 83
194 258
63 6
41 259
289 11
181 280
162 22
157 163
25 147
149 133
181 265
47 172
178 236
224 183
151 124
300 18
73 229
225 298
151 178
297 286
159 286
134 141
277 37
39 154
231 6
68 40
285 19
178 255
259 230
16 251
169 155
128 83
111 115
21 143
109 115
189 251
204 297
147 169
112 109
124 185
55 211
23 76
181 104
52 89
136 111
297 80
94 30
108 170
242 173
17 118
12 145
20 193
153 29
2 121
183 60
84 164
132 11
51 204
185 54
158 116
145 155
167 250
78 57
292 268
8 126
183 11
208 62
169 141
120 87
167 279
10 109
225 101
10 198
104 154
168 79
291 298
273 57
185 135
156 71
8 89
114 274
176 171
166 240
106 275
170 251
162 139
76 182
66 164
260 149
14 153
23 299
278 296
61 209
136 72
248 74
88 97
3 197
215 208
252 279
212 162
22 30
250 265
228 106
3 79
298 93
69 274
170 209
56 135
275 62
7 197
257 198
170 270
158 222
34 10
239 105
216 299
28 125
194 187
190 96
209 26
78 3
27 90
210 97
198 31
102 82
198 43
259 112
193 16
243 13
222 76
139 151
233 44
70 296
33 249
75 208
246 203
245 246
135 48
133 225
226 22
214 178
32 267
111 55
12 172
239 96
143 78
273 178
47 276
58 215
219 286
49 224
221 220
170 255
160 73
178 81
149 161
39 35
193 295
232 3
24 226
30 17
288 83
137 205
182 141
67 274
159 126
48 15
7 194
53 280
138 236
164 168
61 193
256 150
279 80
45 78
218 101
233 37
291 227
288 181
18 269
36 213
72 12
189 256
25 263
2 207
223 117
88 90
289 108
190 223
185 93
220 259
113 223
34 102
49 125
193 214
226 299
39 152
185 254
186 295
201 147
166 13
227 287
129 240
17 279
220 239
224 9
121 134
257 227
252 188
172 113
122 245
298 89
198 224
287 80
88 180
263 61
157 174
156 200
40 37
11 256
20 136
78 237
119 108
236 226
165 28
65 20
124 299
274 61
37 169
160 34
198 222
279 178
5 224
52 94
167 183
228 226
113 163
91 154
102 185
218 93
113 286
168 72
22 15
212 157
182 83
186 116
77 67
285 110
141 120
142 39
242 254
297 94
41 163
44 30
246 65
268 32
67 147
176 57
74 18
102 81
137 32
75 43
181 44
37 29
293 118
128 297
5 297
255 210
298 82
242 89
141 198
215 59
254 83
49 83
119 101
176 281
157 100
246 142
188 54
286 229
120 152
99 19
163 125
99 253
252 89
59 55
91 293
8 51
195 51
23 141
47 76
109 108
78 200
108 211
178 148
7 93
3 266
291 97
129 281
196 245
134 36
149 48
179 25
9 137
4 122
279 123
236 206
170 221
158 106
219 164
160 235
266 46
141 9
104 63
51 234
282 182
253 275
202 283
150 140
30 14
91 35
88 149
16 69
5 158
241 59
37 94
37 285
121 205
89 189
75 286
111 102
58 53
110 51
211 219
239 108
11 270
288 77
235 113
73 168
131 171
276 187
48 36
200 56
50 25
23 78
228 55
161 32
201 124
40 177
29 271
222 153
68 134
205 276
234 189
112 133
199 284
154 221
270 68
277 285
240 292
116 24
196 11
55 93
7 127
299 188
89 141
150 104
169 156
294 87
255 135
256 163
197 88
20 203
144 271
150 138
6 254
298 205
269 4
64 101
61 43
257 207
109 280
187 279
236 83
33 121
256 60
133 52
93 53
114 135
115 151
293 15
233 263
260 95
20 126
216 38
40 21
188 283
105 220
198 144
2 58
34 7
292 201
240 116
235 229
66 267
217 78
260 99
45 272
158 47
9 250
262 12
100 208
11 61
29 165
167 162
178 25
158 186
53 215
92 206
143 8
295 35
212 287
166 147
56 68
100 269
122 277
199 240
55 199
233 16
39 242
199 54
277 181
109 239
70 179
299 184
222 77
139 169
132 213
113 180
98 6
104 158
222 253
119 249
65 229
199 86
235 142
75 100
270 80
136 179
190 120
176 269
181 48
69 18
85 232
25 187
64 136
116 35
248 78
195 169
201 73
105 231
23 285
25 246
300 148
281 277
38 173
282 122
240 82
155 192
253 191
200 125
295 58
127 79
206 113
291 106
248 124
30 202
2 93
257 166
87 274
49 29
87 101
103 89
33 111
130 222
190 241
140 287
92 39
218 3
107 108
126 88
228 288
259 20
290 102
266 141
281 249
21 97
201 215
249 193
39 48
21 286
159 140
67 249
245 123
181 258
19 79
155 281
248 57
148 30
185 28
224 228
188 267
29 189
242 158
107 178
117 269
60 287
157 24
279 207
248 163
97 14
281 297
89 84
96 52
117 41
250 100
36 201
72 185
237 84
62 148
294 260
5 189
289 276
38 212
196 13
6 48
265 222
122 96
290 65
235 99
211 207
265 218
130 242
200 124
182 100
260 85
254 100
28 121
184 191
298 108
83 51
37 164
142 144
68 203
199 71
149 186
241 152
262 274
289 61
137 73
128 39
78 263
224 13
255 247
216 136
149 242
20 11
274 140
195 279
282 11
21 15
149 295
57 171
4 108
142 217
161 118
287 83
126 299
62 98
246 229
50 293
159 298
32 100
249 118
74 94
102 120
267 227
176 173
61 22
120 293
135 156
284 280
6 158
266 129
300 292
139 63
101 34
124 146
247 1
36 237
277 27
49 121
242 157
88 231
156 73
41 292
247 290
230 22
42 84
82 224
193 109
104 99
279 136
34 77
292 192
109 44
54 89
254 285
153 147
154 109
131 111
258 287
144 227
109 295
210 204
262 21
243 164
204 264
116 119
216 227
286 47
57 138
217 216
227 74
290 8
287 217
86 36
269 185
81 266
34 115
35 131
143 109
263 295
72 281
211 276
59 152
166 283
282 243
254 283
224 94
38 224
213 188
96 45
49 140
124 126
29 111
208 227
50 176
228 42
61 78
32 2
64 284
187 102
5 139
280 37
267 280
114 244
293 224
168 17
235 194
174 5
150 94
53 109
5 153
258 43
103 54
123 240
99 242
156 270
153 192
23 207
122 112
10 100
218 258
284 62
214 21
36 249
30 84
36 292
220 137
115 179
7 185
240 233
153 49
54 220
29 86
223 219
272 299
52 140
286 241
6 278
271 56
223 237
275 40
67 137
181 12
198 113
238 151
55 194
174 6
164 26
244 296
271 119
236 84
203 198
154 8
3 279
256 94
22 224
79 49
138 15
289 73
37 274
47 234
151 279
44 212
235 201
193 204
218 250
81 9
39 222
39 266
8 76
123 189
109 77
272 233
224 135
99 278
52 23
153 39
176 167
93 40
160 266
300 281
30 235
189 131
294 153
274 149
135 189
133 90
27 242
52 77
113 46
134 85
20 3
242 266
137 142
287 191
4 287
284 204
260 1
201 13
45 213
56 162
270 216
288 49
299 213
16 152
259 43
298 102
250 264
104 155
12 19
110 76
10 170
152 171
227 8
100 170
217 276
121 294
41 40
103 248
274 213
46 5
214 49
231 215
292 58
175 233
90 189
238 177
130 34
130 137
279 28
64 169
105 53
60 253
10 214
263 118
110 254
236 28
261 33
72 13
5 156
190 182
282 32
159 283
214 8
255 279
50 233
22 57
287 86
197 82
35 195
12 128
238 95
282 89
254 290
248 222
282 131
186 140
45 167
255 19
88 96
119 254
155 239
300 224
188 11
70 86
146 19
198 251
127 12
16 243
171 216
45 236
275 117
159 224
86 128
201 126
235 123
103 298
222 33
153 81
83 172
232 181
198 91
64 46
257 98
251 176
148 175
236 107
47 116
1 226
192 147
133 72
226 73
254 106
107 275
196 300
243 184
265 203
218 8
123 157
274 94
38 177
215 16
217 102
273 149
29 87
276 232
17 132
1 288
83 66
11 296
150 72
134 271
281 115
246 86
118 16
88 75
190 95
166 17
258 214
122 260
251 81
231 19
27 247
270 29
116 22
229 72
124 195
44 112
21 3
44 29
2 89
37 67
222 242
288 220
163 190
188 215
173 204
159 160
134 145
200 7
181 80
70 155
228 271
270 107
194 285
293 213
145 11
176 154
105 106
145 256
215 84
137 296
91 251
95 197
199 98
214 50
203 207
207 25
298 199
261 133
72 10
213 290
8 103
214 160
40 235
165 156
164 297
63 58
276 295
6 286
86 220
2 116
229 106
245 167
293 150
27 108
229 117
77 271
251 143
189 145
104 64
106 113
117 5
169 262
130 199
151 76
23 118
74 147
223 207
288 270
103 184
293 144
242 15
32 68
292 115
146 21
72 23
270 171
147 198
263 111
74 129
182 75
88 268
75 142
60 156
112 272
87 170
140 129
270 48
145 87
147 206
197 42
88 64
90 185
213 280
154 231
247 181
96 225
174 21
245 242
264 84
171 75
115 300
3 175
180 106
5 102
192 151
97 30
36 114
109 211
168 144
15 46
284 248
273 98
68 290
199 206
223 263
248 244
127 11
184 275
299 257
249 50
178 247
207 200
127 143
119 280
232 135
261 99
144 89
109 79
199 285
210 56
144 126
242 50
142 133
236 200
260 272
113 183
112 225
266 166
233 64
5 24
296 1
256 117
19 191
282 128
9 190
165 62
152 262
88 290
128 73
170 259
181 5
205 77
288 272
113 165
54 86
279 52
70 56
73 106
77 87
4 291
255 18
167 138
185 243
200 291
149 251
64 113
264 200
3 106
116 258
14 26
283 96
71 7
84 175
189 174
228 146
102 213
93 36
193 60
172 14
31 14
143 274
228 41
48 155
160 194
43 205
242 161
29 162
280 236
167 268
164 75
57 98
274 163
16 20
233 296
47 149
162 172
15 137
65 109
108 133
7 104
11 139
101 51
144 52
236 296
9 266
207 160
184 230
99 245
145 3
138 109
24 219
269 256
75 253
118 41
107 299
184 218
231 184
103 122
103 160
273 30
244 40
189 287
279 217
173 110
106 28
96 286
57 49
117 35
177 94
87 92
201 90
167 221
174 109
245 97
208 176
221 177
215 160
99 248
283 297
283 239
239 209
154 295
36 31
282 1
261 69
281 240
206 253
292 218
119 152
106 39
300 232
183 232
289 267
70 34
191 237
272 18
157 129
255 241
139 255
129 262
22 135
283 229
182 96
285 40
37 192
8 113
18 232
89 102
239 270
20 15
32 67
146 275
45 221
159 139
108 85
217 9
281 62
130 175
128 261
86 194
263 103
37 114
240 190
203 7
263 285
263 290
259 9
128 34
78 194
228 265
171 106
41 242
121 246
291 286
274 174
290 228
190 151
95 54
6 181
135 193
179 68
228 286
108 246
169 236
44 139
20 110
65 48
2 273
83 123
44 36
16 89
134 118
93 279
294 83
278 225
230 151
53 70
21 232
129 264
141 294
215 173
9 289
176 201
100 80
41 173
147 237
116 293
250 267
5 114
230 242
231 60
18 136
78 140
144 29
126 174
109 235
77 253
62 262
94 221
73 82
94 84
120 27
166 79
13 100
248 280
286 249
238 259
43 122
288 72
205 66
227 119
78 22
122 24
285 143
166 98
69 28
83 67
73 277
81 250
253 70
128 112
122 179
95 134
57 289
41 153
2 243
39 215
140 81
123 179
183 248
5 235
141 137
239 141
254 182
8 71
286 125
285 177
15 287
59 138
187 220
273 228
224 92
123 146
253 277
177 265
212 241
272 276
239 58
71 120
68 97
279 22
69 50
65 192
6 223
174 205
291 248
168 187
241 143
142 214
165 60
135 179
132 238
33 45
196 58
236 152
78 150
76 242
16 202
86 265
249 49
129 68
116 280
135 219
183 258
104 141
293 275
176 67
204 26
21 274
36 267
115 248
190 225
178 59
101 169
167 93
109 117
268 91
259 123
142 227
167 109
173 267
159 27
65 60
114 269
33 190
80 50
119 191
53 133
280 278
147 126
185 299
153 205
119 215
116 56
233 179
266 101
193 292
96 195
7 49
238 205
270 260
35 111
281 39
164 265
165 153
54 65
258 49
238 231
231 94
28 195
223 110
91 3
247 83
240 297
54 202
60 80
206 52
135 278
283 233
10 4
258 256
242 170
71 287
260 182
122 262
120 252
119 24
160 48
244 271
140 292
5 223
89 174
210 38
110 37
246 256
57 60
187 64
100 207
248 148
147 209
41 119
204 62
281 106
160 218
266 239
30 64
139 172
2 247
132 177
217 224
205 122
230 94
48 42
68 273
259 257
258 132
94 243
114 215
183 58
87 229
291 267
220 87
173 291
162 156
155 14
181 148
173 150
6 214
228 140
257 196
261 8
28 189
204 28
61 14
100 19
1 208
95 52
56 92
228 124
175 259
264 211
288 205
56 22
226 273
232 283
145 91
169 230
150 115
115 159
21 268
224 98
284 165
247 33
169 259
114 10
220 269
169 18
262 203
73 51
123 288
166 202
101 180
241 178
210 244
55 118
196 133
155 183
221 164
82 117
216 206
79 208
195 43
221 153
208 71
31 146
293 230
180 253
98 123
268 10
68 38
93 70
173 86
61 204
11 245
44 210
52 168
294 78
126 103
201 35
170 39
187 111
11 78
293 137
291 36
232 160
261 12
156 272
185 239
251 297
70 60
8 33
185 274
210 207
206 86
105 222
85 106
60 210
113 275
166 40
153 243
294 54
26 258
251 97
241 218
234 133
56 265
170 206
179 62
166 161
153 28
66 63
143 99
231 192
100 27
35 159
229 24
39 47
277 56
270 242
105 272
24 167
145 183
200 19
67 85
209 114
280 172
289 281
18 175
75 239
224 172
108 49
143 100
292 56
159 54
220 82
117 52
185 163
53 125
58 264
16 246
199 142
264 289
123 192
90 112
63 236
195 125
285 106
217 98
119 2
187 83
40 49
181 161
185 132
76 150
55 179
294 140
51 81
119 217
9 114
237 54
106 90
237 217
81 227
117 235
150 52
209 293
116 250
210 80
127 68
274 228
282 202
214 217
73 62
232 297
225 58
127 165
178 233
167 216
288 131
296 131
66 122
22 297
115 106
131 78
98 94
253 43
55 272
252 278
154 212
267 297
38 126
138 4
161 151
156 226
150 254
39 224
262 247
121 112
291 94
137 244
63 267
117 146
287 152
167 270
278 33
129 248
286 275
59 107
291 152
167 253
74 143
153 6
157 222
97 110
2 162
268 61
212 164
248 149
118 235
115 4
112 211
190 181
299 32
243 198
31 261
73 24
23 55
282 91
169 256
239 95
144 208
291 3
144 196
271 247
134 204
5 286
237 243
7 6
236 216
250 121
274 90
18 181
82 229
295 267
149 183
26 251
170 225
173 124
267 69
175 268
33 172
8 192
125 131
184 163
118 54
197 11
242 74
283 197
26 298
240 224
251 159
298 2
140 71
44 134
199 134
107 220
156 289
265 58
213 175
100 122
131 37
15 255
238 299
198 46
111 234
42 30
174 270
204 4
168 266
249 161
124 266
288 24
180 145
43 161
160 152
42 135
182 281
17 139
195 130
135 211
290 239
100 199
143 279
249 243
182 65
38 182
76 207
100 236
177 57
255 20
236 7
268 45
143 75
126 293
65 89
126 53
61 99
108 161
286 109
45 129
101 291
215 11
213 121
84 288
103 137
162 287
193 21
288 233
128 124
186 258
213 186
12 109
300 291
116 51
243 264
233 154
86 69
168 221
277 169
240 161
241 135
242 88
190 1
50 44
145 217
45 158
226 52
126 61
86 96
250 126
230 250
298 174
265 39
199 212
223 136
161 56
96 281
26 116
156 100
58 247
32 46
52 160
118 102
92 107
118 182
139 232
230 69
269 142
244 59
94 149
161 247
32 293
225 93
263 249
224 44
123 101
49 181
274 12
61 62
271 182
68 224
43 215
181 50
116 83
129 151
246 276
92 184
184 43
277 207
25 245
132 147
28 47
190 231
31 147
15 232
221 136
104 283
250 117
63 190
177 55
9 295
96 112
164 191
118 135
126 90
197 244
38 1
113 130
48 191
168 150
197 76
171 124
254 214
122 143
190 150
94 251
107 74
167 174
37 123
159 141
145 247
244 280
133 30
81 132
26 10
234 147
128 125
120 8
98 93
66 248
167 99
46 237
229 50
60 120
219 30
8 87
273 144
62 155
161 69
215 55
114 190
288 182
113 110
9 188
213 47
180 297
194 96
54 242
266 76
15 129
79 62
25 146
25 261
77 116
36 289
242 35
207 233
1 278
220 61
255 107
85 136
89 222
221 52
153 67
89 71
1 193
243 141
163 36
196 108
196 25
269 17
152 100
174 82
292 252
39 110
158 203
42 114
257 226
285 5
3 285
298 53
99 198
111 158
173 115
89 250
284 232
177 120
136 174
131 198
294 20
218 119
210 91
211 89
188 37
5 142
99 6
101 271
170 97
235 21
23 154
261 27
209 250
154 255
127 46
96 29
11 252
199 91
60 282
103 167
100 113
2 35
56 288
254 213
85 148
140 30
23 148
133 66
205 158
94 208
257 56
190 208
175 88
209 82
247 66
31 102
251 49
194 266
49 238
79 267
129 107
176 294
104 100
19 251
24 283
257 125
277 166
189 204
82 188
171 10
288 246
119 185
63 76
209 133
300 73
18 114
101 145
22 184
223 198
20 33
296 31
124 80
280 155
41 185
53 171
5 263
209 253
211 178
68 169
260 7
25 177
3 26
95 191
237 190
245 138
203 159
49 207
81 28
92 47
125 1
17 233
226 177
14 222
215 158
163 61
294 288
105 212
274 227
201 166
181 141
190 168
68 66
212 116
213 241
84 263
100 95
95 1
290 19
258 3
266 240
9 245
6 191
276 282
107 293
294 76
82 68
79 265
152 91
106 266
77 19
210 221
60 39
37 243
233 271
162 273
229 207
55 7
5 83
158 20
228 230
63 286
185 170
246 140
215 93
91 112
47 27
82 64
269 132
228 75
46 118
90 151
68 253
251 56
136 186
157 12
212 63
224 31
101 44
93 184
216 51
95 272
53 28
256 118
266 108
163 100
11 116
25 58
117 91
29 147
178 210
141 27
68 238
41 178
60 139
245 265
257 114
198 136
196 211
185 293
172 135
244 170
113 184
214 26
9 202
82 204
252 237
141 151
84 148
222 287
210 70
23 295
233 181
187 156
7 157
128 32
184 283
137 76
94 41
83 63
146 296
23 166
155 35
163 172
295 117
242 125
288 99
143 220
201 31
198 218
55 159
211 115
198 216
95 276
162 83
266 13
44 32
89 172
188 211
78 41
288 59
254 151
235 85
257 216
81 232
55 261
93 142
121 231
18 281
235 231
289 46
47 1
183 291
154 232
192 164
85 200
122 138
15 216
94 176
208 147
287 235
53 231
34 252
2 53
203 238
106 22
216 17
170 107
90 65
279 263
109 246
254 202
140 131
104 200
229 40
204 140
23 140
156 238
52 36
124 89
95 214
17 142
35 223
183 195
279 204
46 297
280 232
220 135
288 151
218 70
162 246
233 286
181 17
157 23
239 223
33 274
87 260
76 268
179 76
85 162
142 18
24 86
26 75
200 142
145 100
282 139
125 275
61 2
84 139
39 171
66 110
31 167
108 70
274 155
227 247
223 179
137 27
49 117
224 103
141 226
54 59
133 272
120 297
265 93
214 219
257 231
277 251
65 117
168 174
173 29
223 265
293 76
182 79
140 39
179 96
233 269
176 65
249 190
22 117
123 188
136 78
152 84
239 248
87 241
152 273
290 242
219 287
168 139
151 176
287 236
188 52
262 64
289 131
281 44
71 69
31 207
287 171
192 174
16 205
168 170
138 43
122 86
238 46
228 103
243 248
245 104
249 23
236 134
40 108
19 22
17 93
125 227
110 236
37 185
45 113
8 167
56 48
292 238
20 145
147 52
50 114
204 60
126 298
70 82
47 188
174 254
84 47
196 262
268 108
261 185
114 162
287 33
213 217
107 250
24 151
112 65
235 273
18 238
289 45
199 218
132 33
197 55
256 173
154 46
28 65
52 90
171 207
32 83
189 30
291 166
154 258
104 211
185 116
65 241
48 114
95 291
24 181
72 51
264 10
101 243
161 28
153 254
114 136
104 53
51 49
130 180
272 180
150 294
244 141
80 194
68 118
201 223
159 3
244 123
142 267
86 154
85 208
82 93
150 249
93 9
98 296
173 105
212 108
230 136
162 278
275 267
31 128
201 273
106 147
182 178
186 46
193 237
200 1
264 61
52 25
162 118
179 133
36 191
58 241
285 183
88 77
154 166
300 48
152 183
294 88
103 178
73 79
52 13
132 86
244 149
13 255
293 127
160 188
148 287
182 110
54 134
101 62
296 60
280 101
69 7
260 192
195 42
246 185
97 262
260 57
88 132
116 124
182 89
280 174
253 146
69 11
8 298
192 274
225 45
109 179
20 153
24 166
189 152
72 282
38 172
15 280
299 153
40 89
128 127
94 152
32 216
58 62
190 165
77 234
132 201
275 163
228 96
76 77
78 300
145 216
114 236
124 21
267 15
115 279
232 37
64 126
176 260
278 241
245 39
222 22
145 168
177 125
294 293
109 39
287 205
202 211
256 224
267 200
154 11
11 23
47 135
73 205
229 177
187 259
22 205
213 233
269 109
33 7
64 112
192 31
283 65
9 160
16 261
54 79
152 114
247 135
229 183
91 67
109 56
76 290
247 120
238 87
228 227
250 146
165 202
174 200
115 129
184 239
217 95
256 63
274 250
267 45
234 34
262 149
250 203
275 221
273 60
248 282
227 79
68 100
168 207
114 272
127 17
283 22
213 202
69 219
84 183
161 209
7 281
276 19
42 202
181 58
12 8
240 153
293 271
96 199
74 28
128 204
95 222
154 101
41 162
91 182
172 292
31 107
218 77
179 98
190 280
21 195
298 151
202 195
71 2
251 260
297 56
240 57
34 112
62 160
143 222
294 241
104 136
115 206
262 3
163 291
288 115
171 279
257 255
8 172
141 78
21 67
54 23
206 35
227 237
241 34
185 38
233 234
34 108
21 47
20 253
203 230
262 202
110 69
300 12
278 215
72 296
67 71
125 294
242 200
218 273
212 77
148 118
7 20
115 231
21 149
261 246
278 160
30 96
9 237
106 241
245 153
299 11
157 60
153 10
249 71
290 275
231 58
167 67
151 38
228 86
119 56
205 104
212 40
76 26
213 180
31 44
21 74
241 145
296 5
299 87
68 235
213 240
158 103
147 212
281 203
46 95
47 237
234 28
228 195
117 246
49 227
282 191
213 56
197 205
73 130
25 185
265 300
87 80
203 26
236 172
242 123
5 32
288 244
214 255
224 7
204 129
128 89
199 51
168 41
196 274
6 110
280 21
127 218
54 257
191 187
246 207
63 69
34 178
115 268
251 235
75 68
94 196
27 48
211 286
160 244
39 23
75 180
180 192
67 252
77 169
94 86
101 230
181 207
134 135
81 70
285 119
206 98
77 58
85 107
213 215
191 70
275 251
87 288
131 256
204 288
205 143
265 166
19 110
143 200
125 143
190 204
130 88
84 12
134 288
273 69
254 64
58 33
118 87
62 70
276 56
118 254
99 170
287 160
215 172
215 40
194 34
142 48
73 140
193 85
162 59
268 234
39 53
204 220
195 60
119 6
105 30
28 100
4 55
291 90
246 253
248 49
135 205
270 10
148 273
6 120
235 164
164 92
34 198
264 91
158 60
53 69
263 250
291 75
189 207
108 55
162 91
264 297
223 94
49 281
115 290
202 106
267 44
32 273
269 255
144 84
15 115
6 137
296 270
226 114
202 137
190 91
232 295
27 276
28 211
215 71
110 190
122 280
87 70
109 258
9 51
35 203
259 76
62 222
6 136
272 19
220 170
83 160
88 293
255 136
299 250
275 220
46 22
117 149
78 1
36 137
228 74
172 233
236 112
3 202
93 165
203 45
296 20
43 59
191 167
279 5
92 288
17 291
20 191
14 259
101 284
222 27
46 20
94 178
150 219
246 71
219 101
18 28
300 259
299 249
191 264
71 142
231 217
218 182
71 42
174 30
15 174
206 286
277 211
114 174
69 218
287 43
167 282
197 238
149 61
273 74
15 43
1 298
167 299
153 186
97 90
177 178
211 97
112 32
253 233
189 260
150 12
155 11
132 192
114 189
254 200
189 11
98 233
51 111
184 122
233 126
85 215
75 266
87 193
106 13
271 211
118 292
2 34
205 156
78 119
21 225
206 138
176 45
92 282
225 282
283 130
116 248
133 110
68 165
124 62
59 61
130 256
285 84
9 265
12 202
165 163
132 190
129 111
209 208
13 177
243 155
86 252
28 235
184 258
93 285
1 50
48 67
189 270
294 28
36 157
24 300
226 247
7 206
61 299
279 269
168 143
281 247
292 269
101 1
151 272
45 200
180 36
125 239
250 224
148 127
88 49
5 61
180 295
117 39
154 239
135 21
81 256
159 79
130 134
95 132
150 24
239 253
274 187
9 220
222 2
158 26
236 229
101 182
199 4
24 76
121 145
179 224
218 269
17 45
290 214
28 228
78 112
203 108
31 97
36 41
45 61
183 202
39 87
6 46
42 124
118 58
274 189
102 77
190 39
102 173
86 111
72 142
191 118
215 54
24 22
288 19
59 42
141 228
225 147
174 54
257 289
219 174
282 51
65 180
13 192
160 27
274 252
5 228
126 286
212 23
143 166
206 141
222 241
53 90
24 294
201 112
146 80
19 291
131 42
271 282
123 275
66 239
101 126
243 201
32 233
273 192
175 159
100 88
29 233
125 26
65 164
85 149
142 299
108 100
171 219
169 52
220 131
178 252
155 181
186 92
103 110
230 155
206 259
209 57
176 284
136 238
290 169
9 248
183 178
284 200
269 70
215 137
8 29
143 267
62 234
124 76
257 135
78 262
105 218
49 135
183 29
69 140
297 194
33 210
297 266
75 12
289 171
183 209
200 241
122 229
36 203
145 215
121 117
133 55
246 90
71 100
126 59
113 188
177 86
104 120
124 104
46 287
245 72
100 105
111 77
104 256
164 227
126 218
54 110
64 100
123 79
64 10
10 25
99 36
166 185
100 136
113 69
65 275
71 123
181 254
13 80
160 231
201 34
276 286
240 194
297 219
51 48
29 45
115 44
69 59
11 295
30 293
113 185
49 282
185 92
108 223
46 37
125 164
64 141
99 277
258 192
19 211
166 106
27 191
194 93
242 107
237 40
252 297
200 74
263 196
128 54
232 52
55 65
102 247
119 267
135 40
177 19
218 202
145 282
59 242
279 242
255 47
179 284
271 145
123 18
149 246
32 242
39 292
116 121
242 92
221 30
176 28
150 57
73 266
110 226
196 241
54 183
150 33
158 80
44 217
138 113
53 167
63 164
226 12
125 216
76 18
260 75
251 37
287 3
107 281
53 14
225 185
80 113
180 47
265 127
219 284
211 270
153 274
53 199
283 219
81 119
72 140
260 146
71 36
107 103
98 251
265 3
90 300
293 227
101 165
97 239
295 1
7 95
128 173
206 146
79 136
232 41
82 126
80 227
127 83
198 155
98 155
163 233
48 209
224 295
188 165
224 296
85 274
220 175
24 143
260 171
238 230
242 85
208 129
285 284
215 182
244 173
13 156
246 74
230 33
111 268
111 9
68 276
150 295
240 96
281 80
10 32
286 79
285 4
139 220
111 147
13 182
259 115
276 280
29 230
8 160
103 266
128 96
57 239
75 129
198 287
107 6
198 146
140 62
161 268
7 5
4 293
57 2
33 288
133 238
106 27
77 106
299 179
290 105
255 188
237 177
20 274
18 143
165 293
54 34
45 8
97 266
121 21
46 103
229 222
242 261
114 113
74 138
233 276
90 222
248 275
65 107
176 232
230 183
172 24
195 165
200 146
69 292
30 9
245 218
277 209
105 258
21 205
19 271
243 186
102 121
50 234
207 298
163 92
107 48
279 16
175 124
166 42
130 112
5 101
235 13
121 282
69 197
119 79
225 66
149 271
14 245
116 284
121 101
177 256
164 183
81 44
265 75
276 172
253 111
34 193
92 278
76 195
167 195
22 63
277 47
30 136
218 31
58 208
120 175
81 296
222 38
239 258
34 94
191 147
120 228
15 76
6 115
3 270
22 14
174 11
40 193
237 204
135 246
141 123
227 77
283 234
77 254
190 29
38 300
56 234
109 241
56 287
90 287
209 67
286 31
80 187
102 202
65 105
141 189
101 211
165 51
149 250
256 138
156 27
68 247
12 275
248 43
263 114
231 248
203 236
264 33
262 115
263 162
65 297
135 218
235 274
134 219
163 155
2 213
209 80
277 161
170 174
163 153
179 84
102 9
148 32
243 76
81 287
130 147
52 106
283 279
145 57
109 74
181 197
222 285
22 87
210 271
284 171
29 117
89 197
217 208
220 132
52 30
123 89
55 201
134 243
25 201
6 165
112 2
23 171
52 272
74 277
148 291
82 167
233 196
289 187
111 133
199 190
218 216
165 224
132 290
69 48
198 281
56 192
102 149
218 178
4 180
148 156
79 186
142 233
143 15
75 222
141 280
274 51
4 215
266 217
48 286
212 283
238 163
54 297
275 237
89 264
221 130
16 262
106 118
41 241
170 115
122 167
18 67
171 1
126 152
58 109
189 283
228 81
224 232
292 288
56 10
47 139
45 74
61 238
102 126
95 35
283 59
133 169
50 52
173 235
7 9
38 129
22 97
74 88
253 40
37 120
223 62
180 77
14 110
183 24
18 64
19 129
172 251
244 132
284 164
143 177
198 265
269 7
188 112
81 186
52 163
108 65
194 195
28 110
53 299
253 280
40 117
70 20
181 189
25 55
71 84
32 223
248 261
228 44
73 93
15 134
141 130
272 244
151 140
83 113
117 36
90 294
65 75
118 121
239 260
235 240
124 202
171 244
221 145
161 102
133 277
207 119
1 120
87 140
7 48
45 44
33 38
4 189
165 155
218 30
254 94
235 263
296 49
61 6
248 50
121 110
33 169
74 238
127 132
231 203
45 288
280 10
47 44
189 264
183 197
297 104
142 204
236 164
57 153
95 25
149 127
54 58
49 273
278 106
149 155
18 202
285 189
267 101
7 91
83 188
178 8
97 197
46 100
7 84
14 83
22 13
93 156
119 80
230 26
181 66
140 194
84 31
292 241
250 28
67 225
108 245
74 68
243 145
177 60
131 132
133 95
297 185
265 131
251 11
296 161
158 22
106 251
31 56
197 103
81 78
233 56
173 77
140 141
300 74
274 82
25 83
112 292
153 63
236 15
139 89
147 285
41 192
14 174
231 106
28 108
13 51
31 3
205 239
142 211
135 7
138 193
279 297
24 7
44 222
89 76
33 6
70 65
17 69
273 6
293 129
68 254
64 9
64 105
266 216
183 175
219 243
143 175
225 103
208 285
204 146
140 223
43 136
78 49
200 118
291 16
251 75
240 61
279 277
177 164
272 267
14 51
34 119
249 16
142 189
60 101
10 267
273 188
117 66
216 269
66 155
139 146
299 36
248 285
8 129
176 280
176 278
295 19
260 219
89 42
219 295
91 121
136 129
234 170
146 14
110 87
283 33
97 53
178 150
254 160
215 284
148 275
7 12
121 198
134 14
1 249
294 45
275 64
184 202
84 273
118 205
243 80
198 256
211 233
197 231
71 178
184 182
294 66
161 221
190 194
230 150
264 87
43 108
174 226
133 132
88 164
229 100
245 21
16 250
140 175
182 28
41 284
256 10
33 166
66 268
172 129
209 173
11 9
182 241
194 189
33 44
274 8
284 52
221 20
181 218
3 275
52 47
190 89
187 95
258 254
34 57
104 97
253 159
284 197
21 113
212 70
74 190
16 206
298 152
199 17
104 202
294 118
278 137
103 190
274 270
4 224
89 253
46 52
224 62
259 223
27 278
127 202
41 133
59 188
271 253
112 231
202 264
178 163
117 209
21 4
244 292
268 251
41 166
93 149
88 109
251 124
13 290
29 202
203 144
150 10
248 125
99 280
143 20
149 135
185 285
4 13
47 102
223 245
111 146
290 44
277 12
5 178
117 112
183 77
86 77
63 143
87 26
87 273
295 211
189 55
270 279
56 41
219 167
17 151
11 200
293 23
227 26
222 225
161 227
102 265
160 26
217 2
57 279
289 196
189 265
112 143
71 35
76 190
291 251
146 63
250 244
276 252
50 74
118 14
227 73
3 214
234 116
26 63
170 196
4 176
284 81
236 157
206 142
197 265
33 217
176 200
179 104
229 261
232 107
14 166
144 88
18 24
60 98
86 100
12 169
249 34
185 88
33 131
182 147
54 246
19 286
9 57
21 197
152 190
14 125
49 107
40 149
270 81
275 37
276 283
66 229
75 42
30 214
63 16
128 234
78 279
163 19
129 205
21 186
173 132
23 278
1 272
86 52
43 160
27 84
169 27
30 85
198 127
133 36
92 111
281 160
272 56
225 243
122 217
262 95
7 123
117 38
279 169
227 153
216 250
223 206
117 114
251 29
251 163
68 286
173 281
67 196
287 280
86 214
74 270
45 28
15 206
288 101
239 291
150 276
59 275
178 202
142 64
163 3
178 235
271 102
171 186
265 201
79 116
46 167
33 133
131 97
132 268
243 163
256 102
234 19
175 24
127 98
243 57
210 220
51 29
220 205
267 197
207 48
144 30
235 154
138 22
185 253
66 95
127 274
41 237
268 257
149 243
36 66
185 292
176 180
106 44
101 61
60 258
52 157
37 270
201 258
197 240
92 138
140 275
267 99
285 178
71 151
284 157
152 132
260 205
124 237
286 100
183 53
239 179
128 117
6 73
298 48
257 85
88 138
98 1
101 285
244 189
275 153
67 250
50 160
65 2
84 173
64 269
2 98
259 110
159 245
96 66
102 152
118 188
294 162
33 60
195 146
166 270
250 17
7 264
177 213
216 237
52 162
211 88
240 34
2 80
80 200
243 20
106 26
237 200
269 95
247 152
88 2
168 166
81 82
111 47
258 260
189 76
127 70
163 300
185 13
106 235
255 9
46 36
269 16
67 260
76 282
215 153
139 76
257 7
101 286
29 272
185 134
297 156
143 140
246 144
255 215
67 87
41 295
299 219
117 71
229 20
281 294
252 73
111 265
160 105
130 243
186 221
145 4
158 126
78 138
214 288
269 251
233 206
138 108
191 183
230 160
224 51
265 96
128 126
230 299
131 118
18 25
61 266
65 219
213 49
21 86
283 299
211 64
146 172
261 72
172 140
199 6
10 173
2 83
107 42
234 293
15 256
197 291
240 84
62 168
255 36
271 95
293 177
208 70
257 174
40 39
290 51
289 136
196 20
277 31
239 227
177 253
58 256
242 174
131 278
96 276
203 4
184 88
4 133
290 141
28 288
198 171
51 237
51 276
295 56
124 221
220 206
92 227
167 84
43 247
289 228
219 36
151 59
273 166
248 152
266 256
262 70
250 18
240 52
286 253
262 37
251 104
235 213
213 178
260 135
281 188
157 18
107 259
64 294
201 15
31 149
3 273
142 87
187 162
300 138
55 162
194 279
77 208
132 20
58 151
99 53
243 228
153 282
35 147
208 167
58 261
84 280
204 155
214 169
207 18
191 168
166 120
206 172
71 299
220 115
213 147
140 282
268 41
46 33
209 14
297 114
204 180
81 192
137 49
62 147
221 231
54 52
275 173
161 266
260 77
226 16
205 262
169 103
76 42
277 222
54 300
217 63
243 100
226 233
197 9
223 159
139 135
50 97
218 285
270 227
215 275
165 232
36 23
126 273
131 272
184 167
52 10
300 234
82 177
251 53
53 3
35 291
90 165
201 260
281 10
88 59
60 182
222 8
173 59
5 38
186 78
179 221
186 256
187 45
41 126
91 183
115 263
142 90
176 226
145 199
182 6
182 286
192 7
20 71
14 282
75 194
294 47
10 133
40 42
131 43
119 62
19 36
95 240
29 129
78 183
227 93
185 242
145 272
266 186
72 103
173 207
141 183
127 85
155 121
249 139
268 242
214 42
97 178
169 260
193 4
219 130
131 28
263 276
113 294
169 100
230 129
226 227
253 97
54 252
159 69
215 123
141 234
83 43
231 109
210 165
139 37
157 235
168 261
7 124
193 299
28 284
228 45
82 178
200 265
129 238
231 162
249 266
246 122
51 203
181 63
257 123
261 175
75 247
102 157
134 99
92 207
184 132
7 283
166 96
14 5
157 151
192 60
126 220
252 223
276 99
183 246
27 194
121 73
243 115
26 283
158 19
45 2
7 47
13 262
215 47
158 218
107 290
178 297
22 231
84 182
155 171
22 74
253 292
192 100
243 7
86 4
288 231
57 292
293 108
58 143
285 265
68 77
243 244
48 145
104 50
206 165
114 233
139 247
129 233
185 275
221 81
217 286
255 235
160 126
179 280
139 13
237 66
251 48
189 157
84 212
293 216
145 148
32 274
79 212
38 46
194 278
172 218
75 96
297 82
213 224
299 130
53 113
230 82
120 149
276 135
152 256
161 301
251 302
248 303
257 304
198 305
211 306
116 307
297 308
228 309
178 310
252 311
198 312
211 313
213 314
26 315
205 316
52 317
235 318
110 319
101 320
197 321
75 322
124 323
162 324
112 325
145 326
237 327
67 328
172 329
181 330
19 331
77 332
156 333
219 334
108 335
134 336
46 337
221 338
239 339
159 340
16 341
25 342
271 343
298 344
210 345
56 346
82 347
37 348
47 349
23 350
84 351
257 352
128 353
38 354
265 355
280 356
176 357
228 358
138 359
75 360
19 361
233 362
137 363
196 364
78 365
208 366
184 367
113 368
220 369
197 370
138 371
183 372
124 373
248 374
294 375
25 376
93 377
76 378
126 379
74 380
185 381
285 382
273 383
142 384
94 385
18 386
269 387
226 388
252 389
164 390
215 391
132 392
209 393
237 394
246 395
284 396
195 397
90 398
299 399
93 400
210 401
134 402
252 403
92 404
127 405
141 406
76 407
104 408
51 409
181 410
268 411
125 412
54 413
200 414
166 415
129 416
268 417
28 418
77 419
242 420
27 421
1 422
138 423
49 424
258 425
35 426
238 427
205 428
188 429
114 430
225 431
14 432
259 433
16 434
261 435
179 436
58 437
86 438
249 439
192 440
263 441
24 442
14 443
53 444
150 445
32 446
242 447
5 448
268 449
247 450
76 451
179 452
181 453
24 454
185 455
177 456
83 457
254 458
158 459
159 460
84 461
299 462
59 463
161 464
31 465
184 466
57 467
75 468
84 469
113 470
93 471
270 472
180 473
280 474
280 475
18 476
66 477
37 478
189 479
250 480
276 481
291 482
58 483
141 484
226 485
104 486
187 487
241 488
226 489
7 490
124 491
131 492
171 493
65 494
28 495
237 496
259 497
260 498
37 499
39 500
