500 10000
225 185
65 159
212 61
206 121
91 146
124 150
89 197
7 133
62 222
228 218
91 72
190 213
93 54
241 63
151 15
190 82
20 24
50 229
187 153
14 172
235 193
81 98
192 58
204 144
245 124
185 13
43 174
145 142
20 76
162 222
216 157
169 171
76 81
93 244
213 120
226 216
242 135
197 80
19 41
167 147
195 32
95 134
24 11
223 196
54 18
35 108
214 240
134 99
180 248
134 32
44 27
30 17
80 243
187 178
159 142
199 10
234 166
198 52
71 209
190 48
185 140
93 250
180 55
223 104
98 60
124 143
38 209
139 7
125 221
244 9
64 150
47 65
158 197
126 178
168 64
65 20
141 163
138 12
174 11
42 139
244 135
190 97
112 93
31 146
153 37
246 75
223 209
222 84
3 128
248 216
170 240
181 212
22 120
226 38
127 119
65 22
5 115
218 154
216 199
192 99
229 76
14 224
62 92
179 205
138 189
6 250
29 68
236 178
105 108
129 20
101 24
184 165
7 126
151 204
39 143
177 13
176 13
15 111
204 218
214 131
100 167
23 3
224 179
186 8
48 53
250 89
91 61
150 166
239 116
144 62
120 81
110 188
228 3
53 22
147 85
81 241
83 182
5 229
164 25
55 236
206 90
242 34
150 44
207 36
222 120
39 70
173 126
175 248
146 32
12 169
160 101
210 140
239 184
170 88
5 237
242 117
81 189
75 227
162 231
51 119
126 135
60 88
244 130
68 250
1 238
215 176
223 210
242 169
91 8
50 71
140 38
16 195
93 24
17 210
211 229
233 186
69 193
186 146
88 159
241 9
217 88
157 47
26 109
171 197
138 55
220 3
62 114
99 35
67 179
46 58
220 224
200 168
127 31
103 198
10 180
156 21
146 37
30 166
103 193
166 113
26 193
159 236
115 75
137 193
78 20
177 142
24 151
134 71
177 102
200 92
81 126
62 204
61 103
196 162
72 162
110 141
95 194
89 20
213 196
69 151
216 11
31 75
229 77
171 201
152 220
136 225
182 67
209 83
210 68
6 43
109 131
17 162
158 105
133 128
55 199
94 189
164 77
150 34
217 100
106 221
238 85
131 17
234 217
154 25
47 135
59 78
99 3
39 32
82 133
207 8
61 95
80 165
128 182
121 94
197 206
58 119
206 28
203 110
78 167
47 236
68 142
13 34
148 222
215 61
187 92
157 249
117 193
69 99
88 76
181 32
46 18
221 168
211 3
197 105
10 212
120 204
201 74
78 55
160 18
122 88
223 154
98 204
67 124
228 104
99 18
62 66
160 67
74 73
61 78
46 111
11 182
75 222
96 240
221 3
240 23
88 70
107 162
179 162
129 27
175 222
112 89
2 105
5 117
27 185
140 141
128 164
135 26
200 139
178 71
145 82
187 14
123 19
42 61
17 64
115 25
87 22
10 235
144 37
54 141
134 118
143 229
136 102
125 173
168 212
234 133
123 198
241 170
144 121
169 17
116 92
121 236
162 225
52 142
226 37
82 88
178 97
114 200
139 154
165 148
38 30
60 207
91 201
213 167
79 140
194 118
200 51
151 212
105 241
54 9
231 11
22 133
233 247
146 61
203 177
172 231
16 102
244 203
177 196
186 172
190 147
233 213
54 111
173 114
178 83
250 119
51 152
197 18
225 158
168 90
69 17
177 34
223 133
145 31
221 190
242 115
38 28
110 94
147 153
238 54
157 210
250 39
73 29
61 27
14 115
8 198
209 226
159 127
63 44
138 106
149 104
14 34
95 240
107 86
209 239
208 6
116 234
84 77
154 132
69 216
232 250
79 106
115 67
37 180
245 181
183 237
227 8
245 70
142 160
172 25
232 161
27 100
236 85
168 62
22 81
89 52
221 240
12 234
224 225
63 88
177 64
147 132
239 64
197 190
217 207
125 53
66 42
85 131
43 3
56 37
37 86
73 106
115 205
34 95
59 86
114 91
40 82
8 191
23 150
114 221
98 15
214 178
227 27
192 30
177 155
207 101
95 189
130 115
14 233
133 236
52 162
232 81
53 240
36 125
178 137
87 142
113 119
183 147
30 136
177 149
77 36
25 88
43 175
91 248
194 72
48 244
27 233
222 48
43 36
123 170
214 109
164 92
22 91
153 132
170 161
67 183
54 202
196 54
171 38
157 102
77 123
6 177
72 80
214 12
98 39
28 43
226 173
165 116
215 45
55 230
83 133
117 64
189 174
34 186
246 214
223 103
7 14
237 150
186 220
56 141
10 17
216 39
173 109
119 83
113 160
94 72
109 136
136 2
245 240
25 178
29 52
127 132
211 226
57 89
32 250
75 88
182 86
136 80
89 13
23 10
195 102
247 110
54 240
207 93
204 157
126 95
224 204
52 181
87 139
212 23
196 235
139 38
58 241
63 232
136 111
152 118
230 118
243 186
7 180
192 104
109 143
187 147
176 225
96 181
99 122
38 194
182 208
35 200
5 124
92 141
49 107
122 116
28 163
103 106
85 2
58 175
73 147
95 15
243 230
204 220
156 233
40 2
22 52
42 124
51 18
56 65
217 132
243 226
37 16
74 208
5 153
3 9
151 79
178 34
231 20
42 91
18 105
49 195
15 225
60 140
109 75
147 179
185 129
84 203
127 32
115 229
239 230
209 128
117 72
50 153
108 152
167 180
37 51
235 60
114 6
2 147
125 107
197 50
161 221
171 125
195 6
132 69
121 41
60 47
21 173
67 79
62 81
164 79
97 8
67 166
241 119
238 101
189 232
7 25
76 163
66 210
188 143
72 81
105 50
201 25
58 19
77 20
183 155
55 232
224 60
65 52
8 178
155 236
191 37
80 81
221 192
60 6
228 175
33 199
82 38
3 133
83 56
11 162
147 19
43 2
22 84
218 177
85 220
134 14
242 3
10 51
17 121
207 222
222 108
83 250
145 34
184 57
67 24
124 91
13 112
39 59
87 178
175 214
141 130
19 231
88 92
117 227
219 53
207 30
55 13
6 67
132 160
52 37
239 224
127 116
207 245
105 193
209 55
228 153
107 70
235 48
209 40
111 168
166 207
87 205
153 182
235 180
237 83
103 117
240 205
37 213
187 81
200 133
103 83
19 239
185 148
35 146
58 97
130 199
29 145
76 225
116 129
55 229
62 170
140 37
178 45
9 231
40 165
81 61
190 88
206 53
97 142
64 93
143 234
81 31
92 17
192 130
219 15
227 39
209 216
93 56
122 51
56 71
38 109
226 229
94 205
90 194
95 195
232 72
85 118
16 156
245 29
175 240
69 228
66 40
121 68
200 3
1 19
172 147
51 235
50 125
155 117
182 175
48 69
125 139
128 232
5 111
77 43
176 29
50 97
129 166
180 161
196 17
119 142
161 31
144 194
82 155
120 118
242 225
148 56
216 7
197 116
219 22
132 155
58 43
105 67
132 247
97 56
8 187
49 6
67 157
224 177
211 167
93 171
101 31
17 194
244 26
187 195
116 56
38 242
249 250
80 45
51 246
167 237
1 89
6 162
47 208
218 182
144 239
217 196
153 221
235 233
158 138
188 102
20 110
34 68
242 76
95 135
77 64
219 222
185 229
228 225
189 4
80 7
37 3
62 180
155 179
4 75
182 127
152 245
190 135
4 198
88 1
10 209
123 91
48 123
193 65
228 81
134 78
160 8
230 204
47 176
221 4
40 94
237 210
225 11
2 177
103 220
228 167
145 183
196 231
229 98
245 180
209 81
129 209
97 218
226 168
120 141
204 113
96 186
246 126
194 189
121 122
244 107
123 195
43 57
38 203
90 72
124 206
169 138
86 176
19 112
139 143
20 144
48 193
232 147
106 180
171 83
103 225
180 75
126 14
213 8
65 24
210 226
8 190
228 31
30 88
32 105
115 59
91 113
180 101
229 197
236 218
145 41
114 38
246 105
85 31
194 213
207 205
249 67
146 6
140 59
75 153
240 98
41 239
234 84
60 114
172 142
156 6
62 158
129 124
170 221
128 124
31 246
61 169
49 1
175 109
151 233
218 149
165 201
49 196
173 94
77 177
52 34
83 42
225 133
30 191
107 235
247 19
26 215
202 141
47 192
246 208
8 144
250 45
156 232
103 150
52 104
108 61
16 131
97 216
171 232
220 245
188 76
11 121
121 98
236 206
98 168
7 177
119 52
204 2
2 187
129 229
28 151
92 65
143 102
188 218
48 133
62 31
176 14
230 23
30 150
163 18
17 142
148 249
176 44
117 82
52 214
183 221
163 52
165 223
91 144
12 238
66 49
39 68
49 7
11 106
110 223
211 150
140 34
17 60
26 24
194 64
27 94
80 244
61 49
175 173
212 114
25 239
171 190
75 10
250 49
119 194
30 138
156 42
132 80
130 86
22 19
180 155
1 175
146 114
93 1
51 242
71 79
182 117
6 38
166 136
39 89
23 60
37 154
218 47
187 10
7 10
129 137
157 203
221 112
218 141
55 152
26 41
118 115
1 13
151 209
193 225
205 182
106 117
210 113
219 154
126 194
245 191
108 169
145 184
209 250
16 239
51 143
207 58
21 94
215 115
203 21
56 183
119 70
28 13
100 177
120 132
247 100
183 239
181 182
58 90
71 17
61 148
51 195
204 223
94 89
28 216
18 184
91 198
135 180
57 151
199 206
66 200
153 189
178 59
132 178
182 232
157 147
136 198
87 144
144 133
49 242
15 33
143 57
33 208
83 217
67 168
162 48
116 176
226 181
88 23
19 46
66 149
112 87
122 104
138 119
71 150
38 133
177 229
203 173
178 203
13 25
75 2
237 221
105 204
41 45
129 81
142 108
152 173
37 22
75 145
130 197
80 50
66 55
85 108
28 9
214 48
250 162
207 1
234 198
175 115
24 129
142 85
247 214
116 222
161 100
31 43
33 218
76 48
142 89
210 192
38 249
158 174
176 189
89 4
185 68
114 235
207 199
126 66
148 27
42 171
81 139
59 174
84 135
231 41
100 147
9 230
56 185
245 1
101 113
155 40
110 129
171 189
8 119
233 198
238 182
122 177
84 118
120 68
88 106
247 145
234 47
234 9
79 12
76 152
103 35
229 145
37 225
87 109
70 151
104 156
197 38
162 154
33 47
169 247
191 250
64 49
16 124
214 82
32 135
143 66
30 5
74 142
27 134
217 154
244 99
148 199
76 200
241 137
244 63
1 206
174 52
97 69
93 110
160 139
114 100
151 97
116 130
187 206
177 197
163 222
11 233
212 84
144 157
227 173
107 166
111 95
180 247
187 167
216 219
24 162
12 146
242 32
65 132
147 201
119 42
51 131
161 17
30 9
245 184
111 230
96 113
51 24
234 67
152 244
27 195
38 42
250 169
183 110
168 142
121 26
180 193
68 9
137 26
237 212
133 151
166 56
62 79
167 208
82 59
172 33
119 186
46 104
17 97
49 124
183 161
51 46
60 176
154 79
159 27
90 119
38 68
217 80
114 55
196 242
141 244
181 166
41 133
140 149
79 162
201 144
178 121
165 169
3 45
27 188
132 148
8 56
191 232
12 164
198 222
134 85
69 94
215 170
178 139
38 186
239 155
68 195
68 42
145 157
70 84
212 189
199 30
229 123
19 23
180 145
47 1
169 91
30 36
21 2
120 42
155 210
126 117
28 217
156 110
91 247
232 28
164 38
230 49
97 45
128 10
198 227
45 225
87 130
178 29
152 199
22 158
146 166
150 122
167 221
37 34
242 21
66 52
89 121
125 164
191 145
30 74
157 187
83 163
73 161
241 19
96 164
61 105
98 243
92 154
33 40
105 25
70 122
130 210
151 200
112 202
249 56
1 54
135 147
156 97
241 82
3 154
169 245
102 52
129 75
40 213
176 7
232 100
65 172
196 81
62 196
87 223
218 17
68 173
227 201
204 55
126 87
86 5
8 225
139 165
206 29
15 169
96 212
39 147
36 211
186 10
157 219
102 108
178 152
40 28
229 192
145 4
161 235
190 200
132 239
210 9
249 228
247 157
98 225
247 84
3 210
104 20
177 154
214 137
139 214
155 56
18 48
115 71
241 158
81 237
78 52
7 84
58 232
230 84
170 49
248 74
61 33
232 36
171 18
245 95
30 224
184 39
92 139
40 65
30 37
57 31
30 179
168 28
234 50
134 250
179 20
71 213
243 32
195 83
245 38
7 213
156 107
31 1
120 39
81 86
124 164
182 239
64 233
93 209
133 96
195 3
201 160
89 27
52 166
171 214
57 216
24 9
123 233
58 127
152 70
210 21
139 128
147 52
214 154
95 227
36 188
140 139
150 131
162 205
243 107
196 227
12 112
152 13
149 212
214 14
35 240
99 13
3 238
30 90
175 206
151 231
102 176
145 5
61 114
11 205
211 120
241 103
229 176
217 19
145 186
195 219
53 137
226 3
100 178
32 38
44 148
106 123
104 76
133 18
27 33
182 222
250 231
38 129
70 143
84 126
230 38
42 187
5 47
213 201
197 205
194 100
212 142
194 28
40 158
59 199
88 115
142 137
195 116
129 40
234 120
192 96
98 75
55 73
67 55
13 32
178 241
230 130
172 139
176 64
62 159
90 149
150 109
78 35
94 191
141 145
175 159
136 190
219 245
159 28
219 156
90 77
108 18
91 219
111 52
42 170
241 249
94 13
143 186
9 193
62 187
239 249
205 66
34 158
35 69
209 193
127 105
102 198
23 49
125 169
128 40
82 178
106 40
25 63
100 162
117 174
141 137
100 210
180 105
222 164
137 131
13 178
31 212
223 148
18 132
127 4
23 129
148 226
172 152
194 35
248 154
88 166
148 166
197 234
33 28
238 68
37 239
218 162
75 206
8 249
58 128
124 241
78 87
69 129
24 238
193 152
189 160
137 44
164 221
6 152
159 99
16 244
17 110
182 28
45 121
248 212
68 123
201 59
159 130
153 106
203 27
110 89
125 5
137 46
4 204
120 48
92 219
64 139
11 187
161 32
203 234
194 242
123 206
220 99
134 83
203 161
7 79
234 249
204 192
9 34
124 203
11 160
50 90
195 188
166 224
76 238
194 41
175 56
212 176
112 82
106 85
159 241
35 164
74 52
82 194
136 180
136 144
53 82
109 30
86 179
22 61
205 21
230 4
98 101
242 77
137 109
22 63
162 164
192 5
4 201
245 203
237 202
94 137
31 188
120 43
220 46
60 219
117 94
135 155
113 93
245 129
81 158
53 111
198 5
145 97
9 239
122 160
56 168
175 223
211 117
106 84
67 5
114 99
17 158
184 115
48 140
145 179
203 154
217 198
178 106
191 149
193 8
49 70
107 25
33 9
66 219
55 191
172 32
60 216
128 30
190 245
50 203
249 2
156 158
204 185
231 209
107 128
96 196
56 94
115 247
38 235
162 7
65 111
143 145
193 27
190 119
120 175
234 106
188 79
222 96
61 4
207 165
239 72
235 229
57 169
89 11
174 163
21 192
129 1
62 60
13 69
159 25
144 152
156 160
248 179
132 92
161 143
75 38
162 167
40 20
102 118
152 39
143 156
120 64
63 78
144 143
149 169
117 189
200 128
205 43
137 168
113 155
93 2
186 209
178 107
175 89
148 64
37 44
98 143
220 197
158 183
127 115
87 235
97 1
52 195
230 120
65 130
84 173
129 167
35 107
210 73
141 97
46 231
181 216
65 143
70 177
170 183
133 15
54 29
200 117
160 87
239 49
224 218
238 93
218 125
220 24
22 106
102 100
102 64
60 236
208 87
51 154
73 90
197 82
183 72
101 10
87 236
68 208
63 35
212 115
20 162
56 220
205 65
81 219
239 163
239 205
211 236
126 115
88 151
235 19
132 169
80 24
116 194
93 146
95 124
168 55
171 5
249 85
25 173
217 102
103 199
91 206
60 225
181 223
219 108
191 134
53 244
54 235
22 126
160 182
112 127
154 213
118 205
227 140
34 106
207 145
137 187
199 112
68 234
204 208
154 118
205 181
39 26
60 95
149 190
247 111
151 67
67 133
228 182
222 202
158 161
147 103
226 57
156 202
42 30
61 116
241 203
211 93
105 102
194 198
117 31
43 247
200 103
98 140
36 223
209 25
117 141
79 213
87 179
18 238
80 247
200 169
2 20
17 160
36 53
14 82
69 134
198 75
44 228
129 216
98 17
59 15
91 230
119 18
84 53
218 208
110 168
187 76
24 202
18 37
14 15
136 213
226 136
144 41
112 246
237 241
114 19
80 121
33 220
136 96
13 70
186 127
159 229
176 205
164 33
105 60
143 126
54 176
189 230
134 79
231 105
46 197
11 192
15 218
202 95
121 22
13 156
100 70
88 141
23 2
131 184
90 156
168 130
240 89
54 170
149 82
75 84
80 237
176 2
223 47
189 44
193 16
70 52
211 124
230 35
47 92
64 167
237 102
203 139
128 185
86 132
52 58
192 231
143 116
203 199
174 96
8 9
171 81
225 142
239 147
63 239
110 142
246 77
95 70
168 228
140 25
144 112
179 41
213 83
181 10
118 135
201 108
222 121
134 167
237 199
184 80
86 142
89 249
117 145
108 131
79 83
117 32
134 19
59 55
183 180
85 72
168 244
216 80
99 178
235 173
124 14
139 53
200 77
199 51
105 124
63 140
16 64
88 156
119 60
108 27
115 15
226 121
138 25
158 71
58 250
60 132
23 194
58 219
165 62
164 49
209 177
212 219
32 143
119 38
249 217
31 172
26 165
69 51
137 20
76 97
188 250
122 162
234 121
170 250
156 57
11 66
25 131
3 31
179 124
22 5
178 242
38 193
154 215
75 62
96 42
122 72
175 108
230 58
215 240
134 6
95 90
2 183
164 148
6 64
23 37
45 161
215 1
214 84
27 65
119 9
212 83
220 126
181 1
186 150
146 98
238 145
31 151
158 164
162 232
135 89
99 81
45 207
145 246
245 9
118 61
40 156
136 37
37 7
123 58
99 208
191 189
102 203
82 63
7 38
151 172
131 106
83 98
199 75
54 74
180 12
85 105
188 180
179 12
214 185
161 181
181 214
227 126
143 165
195 69
141 36
70 104
207 158
203 121
97 143
29 119
154 107
140 40
165 93
18 20
240 15
71 82
44 12
61 224
209 82
1 190
246 130
45 176
188 66
195 212
234 220
40 112
197 176
75 195
149 164
18 84
139 36
150 48
231 43
194 9
180 241
204 167
187 79
246 180
53 130
90 172
95 142
204 19
244 124
106 237
13 233
223 41
12 139
39 222
15 91
47 115
16 128
170 77
75 182
20 23
215 2
32 78
27 34
68 128
191 46
130 242
239 6
170 193
16 213
188 134
193 2
165 206
43 225
118 204
156 206
185 196
156 221
172 84
84 16
8 246
110 97
176 162
244 84
136 158
154 15
90 106
82 49
157 44
199 65
185 228
47 183
24 233
144 4
165 166
49 179
74 188
140 31
104 241
140 2
150 194
218 216
184 11
206 198
221 56
223 116
19 232
138 118
147 219
63 94
47 9
72 42
182 55
202 179
31 64
57 176
52 186
104 48
172 15
232 244
78 86
101 121
108 207
179 23
22 250
106 218
160 125
47 145
149 53
30 105
100 83
47 22
39 83
44 168
107 100
87 89
122 226
89 75
171 1
125 82
195 97
110 113
78 80
130 218
204 53
104 14
46 187
51 35
157 87
216 88
95 91
187 45
241 37
188 80
173 96
176 193
211 92
102 170
185 34
71 2
198 47
238 121
146 110
215 41
75 165
87 182
205 34
89 9
167 103
75 156
37 169
243 89
104 35
97 250
172 98
102 169
9 82
4 177
213 67
41 9
225 182
173 132
211 148
1 8
78 100
94 206
86 199
117 217
175 50
36 12
222 239
168 195
110 178
33 107
48 160
129 4
159 84
193 115
9 32
97 15
33 155
194 250
34 82
107 74
150 76
175 180
137 219
224 103
104 55
106 112
114 220
238 46
124 92
244 158
130 132
88 119
135 72
18 29
120 140
199 249
25 241
250 224
127 147
72 115
186 178
200 195
69 179
2 3
126 12
2 94
30 215
97 170
249 52
240 200
52 35
241 99
223 65
20 228
231 70
202 19
121 136
179 123
34 80
170 126
63 116
33 88
50 222
130 225
14 160
78 156
25 162
183 206
11 161
193 21
154 55
225 119
54 214
86 109
55 208
6 234
30 59
95 166
186 173
222 73
211 146
185 35
23 86
62 116
90 98
165 200
50 185
41 1
250 61
218 144
250 136
73 165
131 118
130 140
231 226
237 178
110 190
103 141
16 22
92 195
139 224
43 102
170 186
39 22
151 10
156 51
75 234
81 50
98 80
157 188
153 130
135 7
160 61
160 40
168 79
175 117
235 126
111 1
5 20
139 96
86 192
100 97
243 206
197 195
249 166
127 28
53 110
44 219
198 39
249 79
198 188
116 137
127 102
182 50
113 191
133 215
149 44
176 110
150 5
154 163
79 152
34 110
216 198
53 86
152 40
235 162
185 49
51 248
140 188
168 191
13 191
73 49
8 72
126 185
33 46
45 245
168 239
18 180
193 214
146 75
247 59
9 56
196 167
198 23
18 122
139 173
207 170
112 78
43 250
194 190
52 30
5 239
180 120
19 20
134 74
211 206
52 105
152 20
234 165
178 133
182 224
48 148
154 160
160 29
118 210
183 162
138 179
171 45
152 28
58 118
248 122
184 243
42 21
108 31
58 178
76 239
230 194
108 48
103 230
195 66
15 51
243 203
106 26
55 136
62 71
197 65
93 190
132 184
100 173
161 220
223 218
185 150
229 47
203 41
102 175
120 101
96 28
22 134
85 183
198 170
60 11
110 88
240 242
116 16
67 12
200 6
167 7
52 86
37 89
128 192
213 117
48 40
226 197
233 112
147 122
21 74
224 180
44 145
80 183
131 69
74 136
233 51
94 181
96 124
88 94
113 226
95 151
111 57
58 201
197 175
13 162
93 160
160 164
235 137
40 222
187 212
31 170
138 34
71 88
59 83
248 141
204 213
94 188
219 190
65 70
25 31
49 191
213 29
234 109
40 126
96 149
132 116
202 70
225 250
229 201
91 34
46 41
58 80
94 157
183 18
193 163
165 96
41 198
185 160
239 8
129 35
57 93
89 55
118 64
20 197
118 187
153 239
53 190
124 234
249 1
223 194
132 68
78 208
211 81
124 9
144 219
122 161
208 203
148 178
170 116
151 164
215 234
166 211
78 116
159 108
24 18
20 29
117 131
50 204
76 44
122 61
154 134
111 185
175 164
69 101
48 10
220 164
101 188
203 135
7 144
9 173
49 89
83 211
161 182
233 207
53 150
149 203
23 186
70 125
17 220
72 138
122 111
181 31
54 106
34 168
211 90
60 111
83 127
75 26
185 222
82 98
226 79
111 138
18 202
235 127
91 20
25 145
100 225
115 238
222 174
31 12
42 122
11 25
174 39
196 23
187 225
191 224
211 237
250 125
240 192
163 173
229 157
38 205
104 92
9 107
225 30
101 70
245 215
134 151
140 73
123 129
208 85
242 68
16 74
116 139
47 140
144 58
213 20
220 102
221 89
77 109
202 117
113 24
74 32
142 71
94 198
241 125
66 124
123 244
242 123
225 154
174 214
36 245
125 93
236 246
9 112
220 86
1 16
56 137
54 30
123 194
122 142
162 5
24 116
120 244
124 207
238 247
141 239
96 195
174 29
95 244
140 26
99 29
232 87
132 52
133 165
162 9
100 195
226 206
242 23
179 247
220 193
170 248
147 116
88 164
24 180
16 250
16 176
129 7
227 103
70 103
39 110
116 151
148 3
248 133
136 237
131 3
40 113
168 88
157 105
55 41
32 136
173 57
196 48
79 74
75 242
122 58
170 146
12 212
248 22
87 80
210 115
24 16
243 219
80 213
12 99
40 6
58 196
152 125
109 221
7 117
237 140
68 117
75 160
70 130
187 136
113 88
249 120
32 212
9 203
181 115
20 250
216 50
216 55
28 67
227 129
2 22
154 65
234 128
84 57
146 242
102 44
197 107
11 93
96 157
103 222
100 55
190 148
133 201
40 199
101 179
72 88
22 151
107 64
104 22
116 131
193 31
188 234
76 189
11 18
11 250
173 70
152 25
72 141
227 119
231 239
118 114
141 37
109 224
138 199
192 69
48 192
12 78
212 14
103 31
120 133
208 76
189 130
102 124
126 120
39 56
73 52
201 145
193 196
154 1
74 58
160 145
2 208
17 56
44 24
75 221
31 61
227 106
6 243
41 27
137 81
80 110
71 163
6 137
57 61
145 227
225 147
224 149
103 124
133 153
208 239
189 23
34 15
139 49
229 70
136 163
238 53
41 14
145 80
39 125
249 206
161 44
9 23
176 195
81 128
197 26
131 59
23 25
21 80
57 192
154 32
163 178
244 165
10 126
243 26
234 56
249 101
88 107
61 138
216 186
152 97
35 180
125 150
166 14
179 80
71 241
69 167
29 116
205 149
172 20
58 134
80 133
81 83
13 217
95 77
97 226
224 36
140 172
238 47
57 66
182 116
64 60
49 68
51 206
7 23
107 191
52 239
222 82
18 127
3 12
10 219
83 20
26 201
138 184
144 130
101 73
66 92
14 215
52 109
214 231
140 158
245 37
19 87
5 53
58 103
91 67
25 85
18 101
174 82
236 27
132 29
36 110
145 244
195 162
62 46
116 84
134 183
87 59
124 82
202 40
123 181
195 214
197 113
28 237
209 142
244 191
149 197
227 76
122 190
53 173
184 94
164 133
233 232
55 141
155 26
88 4
39 69
173 5
191 18
105 239
44 208
202 158
3 205
109 79
170 233
30 234
181 142
115 56
234 87
103 213
227 234
70 236
250 112
26 174
12 133
70 66
109 142
213 149
49 220
201 27
143 89
146 69
205 201
147 134
177 131
82 154
159 50
247 209
160 4
40 16
36 101
11 113
185 163
224 164
235 135
190 208
183 142
54 190
147 184
155 12
62 215
219 205
30 145
126 64
92 224
84 238
123 3
55 10
155 191
236 2
227 14
112 123
213 183
153 241
12 5
106 65
40 200
131 10
90 233
124 189
186 212
133 109
190 2
110 63
86 105
83 167
234 25
227 124
153 222
100 98
144 79
160 106
175 149
177 48
82 80
136 210
36 131
156 117
243 240
210 180
26 127
237 125
20 216
113 161
8 250
221 95
238 188
66 80
225 217
104 116
235 14
173 26
64 45
113 95
65 71
35 236
249 143
214 105
160 99
131 152
69 71
36 19
241 196
233 82
238 170
43 62
236 21
206 200
150 78
203 226
206 78
105 141
160 6
156 153
173 161
74 175
216 158
47 69
193 144
239 11
57 189
13 136
97 10
229 241
11 248
112 105
189 114
59 90
183 168
248 98
217 56
103 169
40 191
158 108
120 228
170 63
123 75
122 46
119 6
3 90
140 168
32 52
132 6
182 106
192 70
47 147
77 114
79 3
16 154
114 131
21 143
166 1
28 59
91 225
224 10
242 71
220 148
245 22
113 51
47 221
218 7
78 113
170 197
34 49
159 158
110 87
48 147
132 190
191 78
74 145
15 26
27 31
95 206
226 67
249 13
119 240
194 68
235 100
108 29
106 19
64 219
46 101
108 3
81 123
152 33
153 107
27 30
190 77
101 50
236 130
46 4
17 100
3 139
105 170
112 197
43 167
167 21
13 181
159 106
248 28
69 40
145 192
70 221
197 219
72 149
26 104
110 108
168 229
186 206
242 134
193 33
245 137
249 151
242 122
111 12
94 97
90 93
190 49
72 39
168 160
45 168
69 165
95 112
234 146
127 151
14 62
242 33
221 16
49 208
150 216
77 17
1 62
219 40
143 245
58 26
93 36
177 14
246 59
104 202
194 43
216 91
171 39
219 228
10 140
197 185
92 143
111 246
174 71
135 13
60 172
189 37
191 236
215 17
47 141
18 146
120 20
194 217
49 144
112 56
86 121
34 44
223 105
26 46
240 201
207 25
250 106
101 61
161 231
233 176
34 217
43 41
161 60
222 212
185 95
141 132
11 145
18 209
34 157
39 79
216 77
94 46
187 162
220 39
232 16
4 136
167 247
79 236
80 160
178 213
87 147
20 215
25 119
115 189
91 10
172 145
34 43
171 134
69 171
40 115
210 101
55 8
247 196
35 45
189 21
61 13
33 161
101 246
27 35
144 222
223 8
202 125
249 203
49 51
65 74
141 185
249 98
33 96
14 8
214 4
183 62
63 65
176 125
134 137
104 49
184 135
48 136
30 197
31 23
36 94
196 29
52 164
240 203
87 123
181 132
189 246
189 62
14 127
82 196
225 150
21 48
143 11
208 248
4 19
53 243
111 153
226 128
150 250
84 186
121 124
33 2
61 221
69 55
110 186
34 2
133 159
88 58
20 240
43 143
142 1
45 189
207 88
55 21
61 154
243 33
246 231
36 250
231 203
223 177
159 11
163 200
103 77
112 46
124 192
205 85
238 118
214 65
157 18
110 103
10 216
26 49
102 219
183 175
136 150
160 134
122 170
120 239
206 82
28 183
135 83
112 26
242 16
205 184
204 142
210 208
145 7
13 57
223 197
211 193
229 244
2 134
118 98
106 56
147 49
171 174
120 5
145 77
190 102
107 202
31 219
36 212
32 130
51 168
136 241
32 87
68 212
84 1
107 215
225 48
54 27
196 187
103 14
234 241
30 70
214 136
24 243
147 23
86 137
20 232
178 28
108 12
209 229
138 37
185 178
190 36
246 3
198 193
209 94
202 233
89 61
65 126
213 140
143 37
193 223
183 9
150 128
201 184
157 239
42 129
141 59
177 96
207 38
32 51
224 56
139 132
192 241
211 10
227 172
124 219
198 2
168 188
250 88
161 58
59 65
71 117
217 67
112 121
201 35
63 215
47 231
26 108
143 38
185 20
130 125
197 58
228 124
87 25
185 45
196 126
152 168
110 112
99 223
173 231
123 117
82 101
230 40
1 81
104 170
9 38
92 69
55 91
104 238
97 9
132 237
154 28
75 106
161 152
42 234
217 15
100 39
246 205
233 237
100 111
49 218
37 21
148 239
3 244
29 230
73 142
10 118
60 1
227 231
66 4
17 57
180 233
38 229
39 80
174 80
115 54
30 28
47 25
17 174
68 46
39 34
102 208
125 66
76 102
209 227
85 234
219 67
138 146
249 28
71 30
99 66
39 136
64 230
229 21
147 34
140 156
227 58
120 102
184 95
225 118
7 186
228 172
115 204
20 16
54 10
90 192
199 193
120 186
115 55
223 50
76 220
146 135
42 220
123 217
119 200
72 186
240 219
212 5
52 145
7 208
130 85
30 13
32 36
141 203
23 57
126 184
122 15
217 30
89 36
202 189
50 149
18 158
83 179
39 175
150 3
26 220
142 221
117 248
232 212
50 32
163 43
82 7
99 152
20 115
250 63
130 45
78 98
149 46
99 195
118 49
157 72
108 80
48 99
2 8
155 87
229 108
96 220
91 138
228 224
191 28
84 225
211 97
107 225
143 152
36 240
207 111
69 61
92 196
98 13
11 9
208 116
122 66
75 151
249 137
175 237
242 223
103 116
208 86
150 118
162 62
5 29
95 23
148 176
183 128
185 11
68 209
118 35
214 92
207 191
182 85
58 224
217 223
8 236
87 68
229 49
164 50
167 33
117 205
45 135
56 239
179 96
145 108
27 147
32 238
74 169
59 114
191 179
5 34
73 26
240 176
33 69
182 237
75 33
71 15
224 24
94 225
77 67
68 45
32 233
107 135
90 91
212 207
238 89
88 85
74 141
19 184
98 24
159 124
216 177
201 23
71 230
127 205
121 187
77 240
119 48
244 227
134 15
161 201
240 238
141 53
204 165
15 183
150 47
250 174
109 220
189 77
49 182
144 167
239 60
206 179
245 154
237 151
190 79
212 122
158 165
209 101
152 186
1 123
187 52
106 126
146 224
136 70
121 58
77 132
169 127
74 206
219 250
43 42
105 161
179 151
12 206
28 205
144 181
203 182
227 150
6 222
238 38
165 136
12 54
209 190
214 227
176 126
34 3
11 202
250 103
215 93
5 130
220 35
145 109
17 208
202 45
63 108
239 17
94 37
203 2
183 54
137 215
179 126
37 117
87 30
204 180
70 50
114 199
220 229
13 216
129 217
229 140
1 196
115 231
19 5
64 73
2 216
41 76
163 187
178 42
131 208
134 215
133 62
146 65
70 21
13 119
68 66
198 11
46 211
226 15
238 237
4 245
61 36
195 207
84 160
84 34
83 29
22 202
2 64
140 112
72 152
63 169
170 19
1 158
59 150
115 105
122 100
126 21
77 156
122 229
248 53
3 216
178 149
245 209
186 211
182 155
3 217
150 193
219 13
45 47
249 65
81 96
235 117
237 65
111 41
19 113
192 211
187 161
230 50
183 234
96 21
232 70
157 46
205 161
113 61
206 189
81 56
102 221
12 182
242 59
26 145
34 165
4 44
215 109
155 96
119 118
237 93
157 6
218 206
54 98
27 64
56 57
127 136
156 49
10 56
88 245
137 96
124 80
63 47
73 236
207 247
130 21
46 22
72 37
182 82
46 60
185 127
177 103
117 164
100 24
144 22
20 126
133 239
49 207
70 131
76 16
207 128
166 84
86 231
105 201
221 218
14 39
73 86
218 111
173 43
65 244
200 130
180 168
54 217
12 119
36 181
140 74
55 144
109 190
121 131
124 231
169 4
163 20
78 180
108 47
168 43
198 211
172 105
15 82
230 241
94 215
50 119
29 246
116 11
2 166
159 223
152 42
191 146
245 213
233 148
98 230
221 216
44 248
229 214
143 12
34 127
126 78
142 84
75 56
205 53
28 146
86 110
183 250
164 210
143 90
39 151
113 136
175 72
17 136
186 177
2 51
167 230
175 204
143 192
118 203
197 135
119 198
44 5
238 249
35 92
239 92
201 8
4 246
28 189
157 26
208 242
78 104
227 51
79 85
26 28
92 8
67 244
155 208
189 144
172 219
107 163
64 23
108 95
171 234
67 69
153 26
72 55
130 105
48 217
4 207
238 197
170 149
47 88
73 231
189 207
126 242
126 37
99 146
172 48
140 249
186 205
47 216
91 107
249 138
19 174
102 116
73 66
133 168
238 11
189 30
123 240
246 131
213 66
245 185
82 44
241 223
198 246
173 144
118 11
22 15
98 32
41 4
227 168
45 158
144 40
72 86
52 90
193 245
49 146
51 132
168 192
230 151
231 16
214 35
69 24
110 195
182 26
82 234
8 141
161 196
216 200
56 82
167 45
12 40
102 38
40 44
243 21
108 217
30 230
16 189
46 64
191 175
221 223
28 180
31 180
17 84
101 45
130 211
176 168
162 120
60 159
250 24
12 17
23 234
78 132
68 169
51 123
141 172
174 56
239 196
174 70
158 102
164 71
80 235
45 89
247 81
197 64
226 12
126 244
56 63
62 179
117 244
33 108
20 235
211 163
39 137
212 136
226 180
21 98
41 161
112 114
159 110
123 137
245 225
178 232
121 225
207 134
103 79
140 96
232 127
110 50
102 160
67 72
38 3
236 12
244 85
186 180
15 236
190 248
239 189
156 226
78 195
8 166
157 137
167 160
148 242
237 103
159 235
53 216
241 168
137 143
175 77
229 171
20 25
151 41
163 203
249 72
205 1
249 231
245 32
204 56
141 15
167 25
23 104
50 82
37 246
17 117
119 233
161 189
178 130
199 135
150 100
11 83
49 90
230 57
188 222
202 164
102 146
13 248
158 139
216 112
51 43
234 199
93 173
191 217
43 177
12 37
105 45
237 197
199 76
51 207
43 237
77 120
125 167
186 203
79 217
153 204
217 128
28 179
98 97
245 24
222 85
5 36
153 188
238 19
216 196
230 181
185 200
248 97
205 128
39 163
91 96
169 190
194 88
241 62
110 193
213 89
168 184
248 12
82 33
104 29
158 94
97 158
21 4
59 228
129 161
46 130
96 202
205 116
137 185
131 82
135 139
65 33
115 16
53 126
67 71
220 228
13 148
49 114
14 79
170 114
214 101
149 107
63 194
39 128
56 195
169 229
30 67
127 37
134 4
182 125
65 240
155 242
187 101
164 111
2 221
248 127
157 82
210 120
6 2
57 78
41 49
213 250
218 124
102 162
212 211
83 99
82 130
33 214
166 51
18 231
81 124
156 204
225 203
129 104
130 134
78 172
123 39
41 150
111 170
78 51
10 119
135 102
226 44
233 244
191 136
106 201
72 89
142 164
9 143
91 157
29 232
223 228
184 45
63 165
244 183
218 134
23 92
32 2
135 234
162 93
147 169
10 161
102 193
87 207
196 105
37 69
198 138
28 65
79 97
237 139
62 155
62 250
59 191
111 47
129 147
233 150
77 142
226 200
91 102
74 69
66 93
249 33
222 22
97 102
123 249
100 191
110 28
169 30
165 211
27 150
147 12
82 62
189 143
89 188
243 23
156 33
143 212
90 155
158 210
198 9
26 96
245 92
192 120
18 192
108 71
167 92
183 108
61 184
16 191
217 227
84 174
13 8
75 81
207 167
91 37
87 150
231 75
100 22
248 41
95 62
56 124
137 104
171 104
60 171
225 4
138 144
84 195
93 223
183 65
186 148
238 232
120 235
228 100
84 30
148 58
25 69
126 113
107 50
249 127
63 150
115 9
221 134
219 128
181 239
71 179
5 32
6 115
242 139
83 177
46 241
77 217
126 198
226 52
28 102
33 94
123 99
106 51
33 113
74 148
49 201
230 196
84 114
214 212
78 13
176 115
81 121
80 180
166 114
39 197
154 175
173 16
30 133
202 195
38 178
249 61
147 13
115 140
41 110
234 147
91 226
229 111
192 34
102 230
136 52
247 119
159 215
123 44
125 222
232 139
153 102
181 165
243 81
230 138
107 237
97 75
10 25
52 207
31 5
132 236
22 1
82 236
200 104
226 141
127 148
32 175
68 65
169 206
116 135
153 92
176 221
30 182
94 80
103 43
2 50
239 199
126 226
111 120
126 249
104 118
139 82
234 151
217 176
123 50
14 59
107 84
189 13
194 109
238 139
19 168
125 4
60 77
13 222
228 208
193 15
174 150
197 15
220 147
229 174
104 147
237 72
158 195
202 41
126 124
146 235
67 35
178 227
245 69
232 91
164 150
173 92
63 4
99 112
190 43
169 22
192 155
178 84
42 39
216 132
146 50
59 119
111 94
152 221
80 68
98 125
157 24
7 78
60 169
93 150
243 38
153 95
174 181
56 206
101 13
194 139
194 31
168 121
48 25
51 21
125 34
149 124
174 133
11 177
135 237
184 98
53 15
84 243
189 80
222 226
244 24
74 216
159 131
6 198
135 92
141 79
57 52
148 225
57 129
17 198
14 225
160 68
180 196
216 246
49 158
155 231
139 46
38 250
182 101
189 83
227 33
198 127
16 216
149 94
179 50
220 141
247 131
17 50
233 104
240 103
5 219
179 172
149 147
49 17
80 69
78 60
99 236
125 3
18 71
100 58
92 189
96 88
140 215
8 43
232 73
39 150
23 106
206 64
242 84
94 102
19 159
144 94
188 130
194 36
94 190
18 13
169 14
146 193
102 125
185 72
76 174
50 144
98 139
71 234
80 228
85 45
205 242
22 184
193 188
122 12
250 129
19 140
84 9
63 142
3 66
1 82
62 140
59 237
196 246
189 111
153 244
135 216
87 1
179 169
159 151
5 227
228 226
16 66
110 147
73 201
104 239
227 31
192 161
170 136
96 167
116 163
233 140
4 65
183 111
150 94
44 19
120 107
85 52
67 44
24 68
68 103
43 160
146 214
42 24
19 39
228 84
50 180
169 182
34 161
79 248
28 68
196 123
155 229
228 112
35 76
23 145
242 152
115 234
248 75
33 203
164 21
188 209
140 248
33 138
87 220
142 162
14 139
62 161
62 10
217 114
160 74
222 171
135 143
207 74
141 162
144 73
94 237
122 20
88 246
184 191
104 105
187 143
170 218
31 100
119 228
214 204
15 224
33 72
21 160
11 64
70 237
73 12
161 22
242 230
225 86
223 83
172 4
239 98
141 73
116 94
16 152
238 17
201 84
168 178
60 59
50 130
137 103
201 86
64 36
18 43
175 160
210 224
12 220
194 202
232 41
13 44
173 90
68 180
29 212
178 39
78 145
225 194
60 115
77 105
204 70
185 82
11 82
177 159
18 159
135 63
142 99
143 48
178 204
243 244
9 227
183 33
177 123
205 25
198 32
36 107
159 66
35 110
190 50
54 173
107 21
118 99
158 14
186 114
177 190
96 47
228 231
70 15
211 115
118 101
157 43
246 151
3 76
226 167
99 61
189 229
54 192
172 165
224 66
154 249
159 195
114 171
197 71
208 122
190 111
110 117
3 59
60 14
24 223
35 33
168 189
78 5
19 96
180 98
153 128
41 70
40 203
87 115
80 134
242 150
53 9
171 223
108 177
8 54
55 37
85 225
35 248
198 189
62 129
125 84
133 160
247 61
220 246
54 160
156 176
112 4
171 73
40 58
52 27
33 185
198 51
232 120
200 167
19 242
204 128
131 166
64 108
47 84
233 80
128 15
122 221
101 153
167 185
153 90
235 192
101 190
196 132
221 118
109 205
134 237
120 173
104 249
17 83
55 175
221 198
1 66
180 22
147 156
108 40
79 193
26 50
231 12
151 68
142 66
119 157
142 51
112 204
100 34
49 134
156 212
7 65
245 160
245 171
89 204
83 101
17 75
112 32
104 218
67 75
158 59
168 170
33 232
15 174
32 156
172 161
174 103
162 103
54 215
52 194
93 226
75 178
180 192
176 22
147 186
185 80
220 41
187 57
177 15
1 28
225 237
104 155
13 247
139 22
212 208
246 116
135 144
25 249
134 178
92 55
69 231
57 163
211 78
128 91
93 213
119 73
88 138
135 245
233 224
108 135
109 155
107 92
49 40
185 19
47 106
137 125
26 65
160 128
219 167
29 112
233 219
75 144
103 236
238 215
180 61
76 183
143 247
28 73
26 53
54 151
50 13
41 196
157 173
163 219
61 202
205 77
160 31
101 150
154 188
32 223
29 237
175 246
145 131
147 79
17 235
49 236
226 190
109 45
236 238
225 205
235 160
241 67
124 93
228 133
188 200
148 94
43 191
93 76
14 107
136 18
17 59
196 110
2 48
195 76
17 209
165 6
148 192
226 88
13 213
219 86
23 221
82 96
145 195
17 8
100 149
38 137
143 178
50 248
138 247
158 218
14 74
108 200
105 99
155 9
104 146
236 189
50 191
9 145
65 175
44 156
153 195
230 152
131 230
163 6
88 199
194 140
224 45
220 107
142 139
173 169
216 84
182 45
225 1
197 54
76 234
3 162
228 236
82 123
230 48
126 207
227 81
33 128
109 100
5 94
185 220
185 155
227 143
231 65
184 104
230 79
95 199
180 236
58 49
144 83
202 3
238 122
87 66
34 122
206 237
187 128
97 221
139 71
40 57
179 184
72 103
102 85
171 226
70 213
211 151
199 50
201 134
21 217
77 244
219 113
153 121
223 176
151 59
85 91
197 53
189 221
174 13
54 117
98 231
209 112
223 151
25 118
121 78
16 103
135 188
172 116
85 154
87 111
195 238
156 87
239 248
60 28
135 183
125 62
182 165
136 173
48 12
175 15
208 83
158 32
240 33
83 147
131 53
130 203
67 141
79 11
2 72
107 68
196 200
196 11
103 96
22 223
36 142
183 219
27 204
180 109
201 28
240 19
77 22
73 87
97 121
238 189
79 127
140 36
42 32
59 1
240 57
86 2
215 165
139 21
8 133
128 162
171 187
75 179
96 102
7 158
28 136
204 74
139 176
89 129
191 75
225 159
142 196
107 177
206 141
126 34
180 34
207 204
196 5
36 152
220 68
63 43
65 188
138 68
97 197
197 196
215 18
48 135
82 137
12 177
139 188
247 249
241 133
190 163
110 84
119 44
85 169
41 192
97 111
134 238
71 155
72 236
155 58
152 159
71 132
69 110
60 146
118 161
246 96
90 199
106 134
172 38
83 244
48 247
33 171
235 59
151 55
34 142
218 160
109 177
93 18
1 58
7 150
106 83
22 12
153 185
122 158
211 71
54 103
44 31
69 157
60 194
39 179
2 110
64 124
76 39
249 121
115 112
224 47
130 75
150 65
111 123
85 158
116 146
210 86
88 34
108 160
135 25
37 122
70 127
214 153
159 216
147 178
77 239
203 62
135 104
86 164
234 131
223 188
27 57
200 52
156 113
205 70
124 1
158 92
186 28
68 82
146 162
127 129
16 174
174 69
28 228
161 89
16 61
41 80
83 97
162 221
228 1
160 124
241 6
104 236
217 104
67 80
93 108
171 23
111 161
173 207
47 219
179 213
52 116
119 170
95 182
140 92
8 126
8 98
177 52
179 64
163 142
66 61
237 57
246 142
180 189
92 133
102 119
231 207
127 143
17 3
224 89
186 93
120 72
185 55
76 175
150 236
211 183
182 109
129 170
192 37
56 164
93 231
202 132
198 31
163 114
26 142
171 80
99 15
153 159
41 173
186 135
128 31
62 38
7 122
71 157
237 153
211 54
39 46
149 116
86 152
195 109
35 145
25 3
172 249
164 131
202 235
115 227
240 150
165 243
40 216
130 179
23 247
215 164
156 248
22 62
173 103
248 211
236 90
87 165
186 133
87 13
18 164
143 54
213 35
116 198
78 47
169 123
31 185
233 166
115 120
46 117
138 110
239 107
198 161
175 233
26 209
130 245
100 175
17 112
138 149
206 146
82 179
17 46
236 223
220 218
150 20
184 54
248 120
91 68
90 92
44 146
109 51
178 197
51 185
189 127
148 149
47 202
78 214
195 198
191 196
229 2
75 85
162 115
163 206
93 82
44 231
117 43
42 215
61 176
135 2
49 226
229 225
206 93
57 135
249 125
195 94
94 14
225 19
178 135
77 228
171 76
145 68
93 97
175 112
207 80
35 246
157 32
100 82
78 93
84 49
9 78
7 27
117 181
120 95
120 60
180 4
56 6
66 232
151 178
132 226
137 47
240 109
137 155
34 246
120 50
198 56
74 163
166 94
237 164
201 17
242 241
66 112
31 51
216 171
122 222
247 31
224 120
53 177
234 108
214 63
130 11
67 192
203 250
174 134
137 146
111 88
162 82
71 246
68 153
91 217
142 33
233 190
248 114
181 90
209 240
17 173
198 229
20 61
229 243
67 117
235 103
234 45
178 118
169 1
9 123
227 211
57 201
215 44
133 84
21 65
105 62
38 55
56 242
25 38
30 43
78 33
160 187
207 190
76 212
24 48
62 211
14 99
167 90
23 111
158 144
92 78
121 192
180 96
47 179
6 211
201 20
49 21
202 176
123 118
52 223
142 135
159 63
223 20
93 12
161 25
120 142
150 157
21 213
147 139
41 152
169 239
140 29
73 123
147 112
124 120
107 126
71 1
23 91
209 150
230 121
155 119
143 14
79 22
50 206
245 17
7 188
215 163
250 52
174 113
160 56
2 219
211 53
170 80
106 240
93 196
161 178
68 170
205 10
42 190
140 123
217 73
200 150
231 59
168 35
221 28
217 121
32 55
143 1
121 24
230 202
240 125
92 238
158 182
222 244
153 206
152 95
95 107
51 157
231 150
27 130
31 116
53 69
215 243
222 30
74 133
72 125
244 90
241 7
24 184
248 131
15 63
123 76
88 160
238 222
235 122
56 151
137 188
23 56
73 168
29 106
214 233
46 27
46 230
108 62
107 90
109 247
97 41
62 72
221 185
138 192
78 181
229 131
69 75
227 135
33 64
22 146
140 239
57 213
74 94
225 219
177 201
78 227
37 178
1 7
116 158
235 136
104 169
195 229
139 6
219 103
202 79
143 26
215 13
38 72
90 207
84 2
124 65
69 204
10 19
182 20
234 194
7 8
179 120
61 25
4 151
236 235
98 176
247 16
197 139
220 124
188 43
219 20
108 97
226 225
176 198
56 26
167 245
215 10
174 51
241 109
239 28
88 215
30 148
195 133
68 26
15 85
58 170
74 7
68 84
174 169
106 36
203 101
24 192
171 64
119 19
177 165
120 6
20 174
228 238
202 238
202 124
166 42
179 182
109 64
32 137
156 93
194 50
105 189
223 6
195 12
170 2
17 54
234 31
154 43
114 210
218 187
210 235
239 117
191 70
226 45
69 213
80 241
131 115
9 226
217 165
217 184
244 28
20 79
147 55
95 66
242 22
114 201
105 87
167 174
164 172
218 69
8 21
44 29
209 87
114 94
230 126
18 89
145 72
111 237
84 226
8 124
25 216
62 115
109 29
217 247
102 200
154 17
12 115
131 102
139 57
19 83
172 177
36 41
171 120
221 83
38 220
34 234
195 33
126 11
241 66
114 240
65 75
128 123
154 247
203 179
201 230
225 183
47 168
43 1
47 23
132 114
16 237
221 120
152 52
25 49
193 53
223 219
38 90
92 28
81 39
250 5
68 149
40 51
162 15
157 120
218 203
72 16
91 193
224 217
87 221
201 151
180 190
227 127
250 143
71 183
22 215
61 71
12 211
199 227
71 212
161 86
110 47
87 27
127 33
188 241
222 43
247 218
71 78
203 12
221 213
142 115
134 149
5 95
110 174
215 222
233 28
250 246
10 150
181 243
9 215
77 221
24 10
8 93
38 156
42 153
233 46
245 120
84 80
230 147
243 58
108 90
136 46
29 55
129 82
121 250
176 174
238 160
182 131
58 12
10 70
173 64
235 247
44 169
121 74
20 34
214 198
191 64
98 190
46 141
26 224
139 206
171 98
182 91
10 176
29 128
177 166
9 18
106 217
105 153
70 105
37 190
157 92
202 136
93 220
13 65
106 12
196 171
101 128
134 38
248 111
63 237
107 59
26 181
204 90
5 96
145 196
177 137
122 219
20 190
214 58
146 131
15 32
43 234
76 248
36 105
85 19
182 58
36 80
208 45
111 129
222 112
101 194
167 156
84 100
40 30
99 76
106 184
186 77
124 178
77 203
178 182
131 68
245 56
165 160
26 144
48 8
3 147
29 143
177 152
212 17
70 85
31 112
144 208
73 45
187 94
138 248
178 127
176 118
39 50
115 136
170 85
200 145
19 197
29 118
211 131
119 163
12 237
54 73
246 228
151 174
1 131
34 79
242 164
12 114
249 205
156 154
97 140
169 193
212 25
123 125
214 113
157 182
82 81
40 59
168 122
198 248
186 232
131 205
164 187
115 225
16 233
90 193
167 16
5 167
28 101
25 141
86 245
81 63
118 245
152 74
201 198
120 148
162 112
132 1
4 86
190 19
18 77
57 179
201 97
77 32
19 166
200 126
196 250
73 136
152 156
13 134
58 171
126 223
128 173
151 117
11 223
136 45
83 126
5 128
155 174
136 89
12 127
50 244
51 45
246 113
201 50
216 187
229 85
69 153
145 59
19 125
58 104
195 137
207 146
133 158
3 156
26 235
244 10
162 133
142 150
94 96
208 1
10 168
56 244
53 107
47 129
75 27
86 16
64 192
195 171
191 54
53 97
56 194
62 124
6 17
226 245
141 225
34 239
233 85
213 168
187 97
186 245
22 124
37 102
132 174
190 115
117 190
228 142
241 120
23 66
3 208
162 36
224 55
4 215
92 191
73 181
99 49
248 108
43 201
28 108
180 199
139 34
225 201
43 27
43 118
205 91
197 140
106 114
121 46
215 65
190 234
184 51
132 117
84 231
47 194
181 21
142 129
2 189
131 76
243 199
100 119
86 180
130 216
88 57
92 46
160 64
159 185
233 238
151 244
36 192
216 166
181 61
84 13
44 183
196 100
232 53
124 35
6 100
167 105
229 3
147 21
19 18
190 182
21 29
89 60
4 195
21 104
134 75
92 112
215 232
191 99
92 22
112 192
243 116
107 6
245 108
206 143
217 93
38 200
66 76
197 172
181 202
225 128
191 41
109 7
7 31
203 219
35 26
24 139
183 242
191 21
238 42
52 180
29 149
248 226
211 247
38 1
149 30
249 83
25 59
105 250
201 82
189 215
66 71
133 226
228 115
16 31
235 186
44 45
129 157
198 223
55 161
37 149
152 15
150 192
136 168
226 106
166 191
225 184
38 118
179 43
123 167
41 137
207 236
75 21
178 32
46 11
65 192
148 71
244 139
169 244
176 136
94 108
69 159
190 28
208 77
155 250
176 97
93 144
231 66
46 13
52 124
169 234
160 47
131 222
75 141
162 172
219 164
16 170
19 66
4 123
37 97
220 140
174 61
125 136
160 111
58 64
26 3
97 123
125 215
194 219
230 70
49 32
246 44
88 243
239 126
1 34
186 162
42 99
28 119
5 191
82 43
64 158
243 68
215 21
230 154
106 212
215 153
239 243
32 190
144 25
88 36
29 117
159 134
44 201
210 26
78 41
89 195
83 169
77 149
118 125
142 188
183 107
75 166
46 212
78 249
161 119
241 211
246 19
193 67
106 157
143 167
17 119
133 196
90 209
68 141
98 131
57 223
63 18
220 183
135 87
179 195
115 18
206 5
31 162
204 160
239 215
117 74
26 171
172 202
173 233
53 179
214 152
125 75
81 15
83 173
250 141
98 110
159 32
201 216
242 158
81 143
83 30
182 210
176 182
54 152
80 128
79 91
128 97
238 159
226 129
97 82
3 207
171 28
170 245
116 110
50 79
80 248
37 131
6 44
178 210
9 158
169 212
175 171
27 176
229 63
47 113
141 6
23 71
38 101
68 97
71 99
41 117
195 181
50 78
242 236
13 201
205 52
136 19
74 147
128 95
67 187
231 52
165 240
122 145
182 93
42 14
125 147
137 221
105 38
155 248
136 40
34 57
218 45
236 13
111 157
164 136
234 212
186 83
200 106
43 230
185 12
175 105
38 85
6 129
28 113
133 97
225 47
51 221
137 27
130 107
26 74
199 21
195 193
200 91
213 242
94 230
153 184
98 136
173 247
158 100
81 136
27 163
250 212
98 237
87 43
141 179
61 225
17 206
71 144
221 186
224 192
37 81
90 33
101 227
129 65
231 198
162 33
202 232
245 103
121 59
27 136
19 142
126 167
152 22
18 59
126 186
214 134
193 7
129 133
218 231
60 125
209 170
153 242
177 156
241 57
112 118
51 202
93 188
59 35
9 61
89 56
10 18
153 21
161 38
177 51
3 114
91 227
130 80
154 69
5 140
129 131
18 165
120 27
191 104
20 147
177 88
169 156
135 52
243 201
217 152
31 220
146 228
204 184
84 54
235 142
175 83
236 154
101 104
173 59
86 102
184 149
234 28
146 4
129 14
177 220
155 50
54 34
163 243
219 49
211 201
78 229
246 163
22 143
91 140
182 221
203 189
28 211
76 62
48 95
147 177
59 245
43 150
1 75
126 133
72 126
146 141
50 117
184 42
38 46
245 161
228 215
249 225
147 113
147 29
84 76
57 182
5 213
45 237
179 119
223 192
137 200
23 190
216 203
129 243
165 229
249 20
101 232
47 12
142 161
71 245
135 233
173 36
199 157
157 29
51 139
77 93
204 136
118 22
165 230
76 11
143 72
15 76
35 167
141 38
172 44
224 236
140 159
90 151
157 90
78 23
46 164
250 206
117 79
175 235
50 136
37 206
219 166
215 25
109 13
28 218
42 100
134 124
72 215
85 116
194 153
172 24
71 35
92 87
62 197
240 82
63 101
245 81
140 154
209 152
22 198
44 187
101 1
223 144
79 220
88 162
28 235
130 52
140 54
20 43
184 103
194 22
16 206
69 149
173 185
104 212
86 13
205 204
135 211
236 128
172 53
73 226
238 172
1 176
47 114
205 16
83 235
179 93
92 79
53 90
19 143
135 59
217 94
162 111
59 157
121 83
182 43
163 169
147 60
127 226
10 203
95 139
21 43
87 119
171 4
32 107
233 195
110 133
67 156
8 196
180 234
52 2
4 222
109 118
128 246
234 226
224 222
156 197
236 80
102 156
46 99
217 85
172 16
118 57
182 138
194 98
119 79
162 14
98 178
89 21
106 139
134 196
174 31
206 54
100 116
208 11
140 69
241 44
197 239
15 3
56 167
231 163
35 43
30 141
43 215
245 96
214 144
200 147
231 74
214 183
126 36
38 221
73 125
169 192
216 17
56 240
218 116
71 233
197 8
32 189
88 8
100 75
26 206
82 226
151 35
67 94
199 56
102 104
164 74
73 43
165 42
66 243
222 57
82 225
174 89
189 47
66 236
4 80
181 82
118 74
109 198
59 236
64 208
219 234
139 19
67 222
193 140
84 83
121 170
134 29
139 228
39 48
138 242
58 146
153 119
20 85
210 63
136 60
98 67
81 169
4 77
132 218
130 24
157 23
163 199
218 60
218 245
117 170
222 9
120 67
123 2
55 139
108 153
6 238
71 91
50 74
2 231
247 45
110 158
101 243
170 145
48 27
215 97
165 14
132 191
86 76
141 33
180 93
139 218
139 39
31 222
232 199
192 110
11 75
42 102
74 120
221 107
28 203
20 207
185 91
12 103
117 65
56 73
99 196
137 58
248 87
87 228
53 161
201 111
66 154
7 33
146 245
138 175
42 193
122 8
156 68
107 26
213 139
59 93
230 156
190 55
218 16
185 47
61 245
60 134
8 188
197 136
51 38
1 105
203 235
110 38
33 25
162 224
20 238
37 98
81 148
156 26
185 6
218 39
154 149
186 26
7 189
63 13
196 94
161 101
25 65
159 109
159 74
24 78
95 31
98 241
209 236
233 95
99 175
5 100
14 246
45 140
188 123
97 39
243 36
76 155
7 92
116 250
164 61
170 223
222 37
45 29
197 207
63 90
41 164
17 91
55 239
225 247
128 67
66 100
238 185
110 161
169 170
130 176
214 72
104 136
33 8
22 132
110 164
51 179
73 128
169 208
138 245
227 137
123 150
88 220
202 241
201 101
158 135
138 117
114 81
12 6
174 182
56 243
185 165
137 140
119 145
94 179
75 224
40 101
192 222
94 58
233 87
39 149
15 39
188 226
115 48
127 145
177 118
194 196
223 59
208 32
203 112
215 131
134 194
69 10
146 74
106 111
50 165
146 195
228 17
10 155
33 42
204 21
48 47
31 37
132 5
83 60
49 19
73 8
63 156
98 69
156 81
228 93
70 212
111 131
20 94
58 237
90 109
124 55
15 216
72 54
90 47
240 50
6 149
207 243
167 166
236 5
147 214
215 79
118 209
163 86
225 151
180 164
176 173
163 79
211 173
180 44
137 204
51 165
5 207
154 201
157 162
20 161
220 21
93 235
161 114
103 233
146 169
157 226
232 54
242 13
100 230
126 150
18 5
199 198
14 149
60 24
31 42
169 27
108 228
223 12
46 172
123 227
1 189
118 72
198 117
25 237
205 83
197 92
237 143
1 199
99 74
13 115
196 118
229 248
108 89
151 167
222 104
172 10
198 165
135 129
205 8
215 195
153 227
230 218
165 156
175 110
21 112
98 130
66 166
82 140
5 233
50 98
154 169
81 4
225 181
173 241
168 149
248 209
53 202
46 207
172 126
70 219
121 116
209 106
129 108
174 49
40 15
131 49
112 230
232 117
166 34
16 127
138 153
248 232
210 174
208 93
20 38
28 42
161 3
46 236
142 112
8 49
176 201
98 187
231 181
69 234
8 65
21 188
79 229
64 212
123 160
127 104
142 107
104 33
103 119
228 205
63 89
198 140
30 106
77 81
107 181
205 27
64 111
168 157
191 48
66 196
74 143
30 196
34 103
187 191
2 122
27 234
153 110
46 147
210 122
118 248
118 126
139 26
115 198
5 154
236 198
129 22
174 58
4 53
71 46
48 5
192 217
110 191
23 81
104 225
78 26
232 98
83 105
230 2
105 182
85 80
93 177
194 67
225 191
4 47
125 58
161 5
177 44
13 250
32 115
35 15
116 19
179 21
46 44
84 245
145 62
193 175
199 142
230 191
90 148
50 170
184 247
147 68
34 114
20 3
10 247
40 76
179 183
155 142
117 85
245 40
187 129
13 184
94 154
221 132
212 48
37 171
177 247
142 170
222 38
103 42
159 98
121 95
157 80
37 207
155 165
71 42
154 114
100 200
32 30
44 91
173 137
164 141
235 108
76 111
236 6
87 20
120 104
172 216
29 249
64 61
119 72
95 232
153 181
148 147
148 207
159 220
187 154
83 243
53 60
15 67
158 229
85 138
213 231
11 48
102 7
148 111
138 142
98 236
97 44
244 100
218 131
18 61
242 197
160 166
86 38
56 211
92 67
13 192
179 78
165 101
168 25
222 223
116 156
82 32
103 201
51 115
104 176
250 166
35 94
181 118
137 130
12 66
198 121
248 34
58 208
224 94
128 156
54 180
122 250
31 30
171 217
176 154
150 91
11 203
90 48
194 53
61 156
103 247
12 35
75 138
79 195
9 154
62 132
235 101
50 152
161 233
171 149
26 168
55 61
1 234
18 107
243 150
172 61
43 200
58 81
177 121
182 61
68 111
162 34
187 93
187 7
128 221
28 175
12 125
8 218
139 141
138 221
231 89
249 23
113 207
65 53
249 7
141 124
12 72
216 21
120 54
213 4
216 133
153 53
79 175
189 129
70 128
48 6
176 239
117 204
56 120
215 199
36 137
108 218
5 80
14 200
88 135
55 198
51 22
197 75
228 170
43 99
140 18
101 195
2 91
249 176
220 232
205 108
249 80
70 81
136 25
71 29
169 201
61 189
39 11
146 197
144 60
76 207
94 146
60 45
227 202
232 185
56 21
54 7
220 19
75 169
79 157
45 201
158 170
43 147
134 30
58 158
144 36
141 153
26 42
84 8
231 45
12 14
98 51
40 207
181 45
137 246
179 244
3 235
64 54
169 236
66 9
54 55
169 82
175 166
134 208
245 30
126 157
10 59
237 79
145 214
227 48
37 116
40 224
56 149
6 216
32 219
36 51
209 65
125 211
46 234
47 124
139 163
167 46
123 226
144 178
186 98
219 136
165 46
208 185
181 148
22 167
96 3
87 98
109 120
87 21
125 30
149 248
248 8
87 201
234 210
58 186
205 48
123 208
8 123
58 139
198 62
234 161
209 59
106 28
6 81
228 54
62 83
5 55
143 232
15 238
231 137
209 89
138 177
34 174
240 158
11 131
192 114
204 134
42 250
25 217
51 196
78 16
184 129
118 233
97 81
183 241
5 7
176 80
3 94
108 227
31 26
192 25
121 216
16 58
120 178
47 86
176 4
154 153
246 92
80 148
4 175
222 71
150 213
88 241
108 9
199 197
7 113
151 85
35 20
73 88
230 173
36 86
82 205
57 28
221 10
170 52
41 208
233 47
59 210
32 204
197 150
126 46
54 43
197 159
161 167
88 116
131 96
163 244
167 114
16 161
51 172
151 92
200 238
213 15
49 129
45 213
110 14
234 193
76 217
48 128
24 29
92 111
196 150
66 131
179 42
194 97
229 42
116 209
192 117
31 45
107 250
172 131
189 166
237 242
115 196
6 65
40 217
188 190
227 98
230 214
94 57
236 158
96 17
123 55
97 104
65 112
116 8
88 5
240 88
226 115
49 54
227 163
243 100
129 100
159 136
94 229
118 191
170 192
60 192
243 105
101 196
2 99
240 144
123 109
183 169
20 134
156 79
10 143
26 150
36 103
64 180
126 82
112 150
160 77
79 17
93 81
152 80
27 149
244 91
45 111
70 180
55 235
90 84
161 99
191 31
249 41
212 100
184 3
162 116
87 63
52 120
46 213
235 171
137 135
141 18
247 89
210 105
206 184
42 29
94 75
33 11
244 25
68 171
61 6
201 65
85 197
202 114
69 242
102 114
130 93
163 22
187 194
76 68
14 131
118 224
137 223
234 54
179 171
136 112
194 159
109 53
183 91
174 130
79 224
54 57
28 8
217 163
210 163
59 51
21 92
75 111
79 87
70 200
128 130
6 92
115 214
148 213
117 88
63 128
50 186
147 54
143 56
246 12
215 95
145 94
105 247
136 181
44 247
76 167
65 239
127 22
9 212
146 107
145 24
20 98
17 181
61 123
25 191
245 173
102 11
15 23
102 58
207 99
75 64
228 6
213 156
188 73
116 47
108 149
241 89
71 220
126 28
40 210
217 219
166 96
118 16
101 23
111 82
60 232
30 77
191 169
89 50
206 62
30 126
151 157
153 192
29 38
96 147
130 185
186 61
64 190
118 111
234 245
61 96
119 71
14 241
250 102
13 203
96 226
204 75
32 83
169 59
244 199
106 18
96 112
36 161
231 206
210 61
104 134
58 205
118 92
1 136
59 2
115 122
250 197
227 203
234 29
156 86
65 138
245 79
47 209
183 86
72 224
166 152
109 163
37 35
130 8
89 208
122 220
215 15
112 20
77 222
129 52
145 205
155 130
95 104
113 65
189 210
56 238
95 235
130 109
17 186
38 239
106 100
250 247
43 217
26 187
57 35
168 95
44 193
137 108
130 89
143 47
8 39
103 186
48 202
206 174
198 7
63 242
126 211
164 51
208 103
41 168
92 194
198 124
167 192
82 110
141 107
129 241
141 42
94 199
178 72
98 244
148 172
165 227
244 39
167 137
101 237
25 73
175 211
68 205
250 30
234 49
4 238
198 59
122 146
204 227
186 79
58 68
232 130
79 121
34 190
25 27
138 190
248 103
91 89
191 76
170 151
24 40
16 12
148 49
46 248
101 225
132 110
104 177
231 40
187 227
209 237
86 217
168 85
226 8
226 22
154 161
33 139
36 27
62 52
246 225
20 4
27 138
224 115
6 21
92 34
135 68
243 170
53 215
99 217
115 33
100 123
245 48
5 118
233 83
14 195
149 129
62 172
107 210
97 16
219 82
27 114
115 154
143 194
122 55
78 79
206 19
194 70
87 107
137 65
168 245
86 153
4 84
56 12
42 159
243 120
161 124
165 174
4 220
114 213
8 208
242 114
146 76
63 176
143 148
91 81
136 175
94 51
184 121
96 50
43 112
157 97
104 229
110 249
182 135
158 162
199 137
37 202
42 115
219 148
187 242
238 127
20 101
167 101
116 17
163 229
14 132
150 163
42 11
149 220
169 73
182 132
30 23
72 151
134 88
79 28
212 82
53 31
13 76
148 230
138 139
219 138
132 26
237 82
82 132
191 180
82 247
130 19
25 203
183 249
239 3
26 72
32 84
139 182
83 140
38 94
171 43
28 86
55 179
5 160
176 171
74 63
6 66
124 23
160 191
110 157
171 207
52 42
171 130
94 73
39 130
98 144
203 134
105 187
60 22
178 63
211 153
82 163
204 188
232 145
23 110
53 3
11 98
37 249
78 220
79 160
1 201
248 84
133 24
206 168
80 33
92 77
35 88
39 221
120 23
125 175
86 85
229 8
26 146
214 182
216 131
230 248
5 225
213 161
210 123
117 9
201 39
36 167
119 41
155 73
177 183
221 66
208 84
110 163
99 24
213 9
47 148
21 41
138 151
74 10
237 232
127 103
21 183
64 152
211 177
30 203
200 136
42 138
121 150
190 139
10 110
213 211
216 119
143 202
54 78
61 73
72 58
19 138
244 19
131 28
249 87
73 151
35 156
191 112
130 121
12 225
149 233
129 70
110 209
191 42
139 167
132 124
90 196
245 212
140 147
175 216
5 8
142 237
145 139
25 206
216 205
19 88
150 88
137 63
18 200
54 134
180 207
91 141
207 200
16 121
134 226
35 130
43 213
122 239
2 31
20 188
4 158
234 230
176 243
7 236
156 15
87 237
161 59
59 155
100 193
33 103
57 83
198 237
214 86
85 247
73 219
66 81
51 96
124 32
11 22
180 124
52 43
244 159
227 152
132 39
110 230
159 219
132 61
149 8
6 62
4 50
45 59
173 181
141 216
76 185
18 16
169 54
39 131
100 209
110 148
100 137
78 137
35 44
81 161
201 158
99 155
36 231
139 243
174 45
76 137
225 240
67 60
196 40
44 131
59 91
33 123
127 194
103 176
66 176
89 80
144 183
190 236
64 181
79 42
223 112
187 138
189 213
134 206
242 1
122 108
215 141
29 180
63 109
131 231
33 1
159 104
195 221
138 163
154 158
32 184
107 190
15 221
82 189
147 228
249 131
242 57
76 173
153 78
10 190
68 239
181 135
117 86
35 210
214 112
95 39
129 201
67 21
175 231
172 8
94 213
88 105
102 1
4 153
218 63
170 115
206 128
138 96
187 176
229 33
210 14
134 227
59 181
165 57
187 197
11 61
145 154
171 160
185 53
107 47
131 112
2 114
113 173
32 41
204 140
61 228
86 40
246 133
59 187
231 13
206 107
222 90
247 181
22 213
179 245
113 144
234 238
177 75
90 238
32 199
196 75
107 152
210 166
95 58
113 117
3 24
42 9
144 80
229 242
144 206
48 228
215 69
227 85
1 222
164 146
74 2
96 146
192 199
148 250
114 137
164 107
239 89
131 200
242 82
62 9
237 3
209 179
5 176
91 202
121 247
39 43
14 125
118 36
172 29
29 66
16 165
85 193
194 224
192 162
15 147
240 231
59 139
151 103
49 203
87 100
138 246
82 147
136 59
35 222
53 136
142 64
20 124
151 193
194 105
232 142
52 215
7 170
54 138
222 80
152 83
110 206
96 12
221 17
1 85
116 91
182 187
96 175
49 14
37 2
127 9
92 226
38 160
194 172
155 55
28 236
136 243
127 220
123 47
36 87
2 206
187 6
236 57
42 177
249 240
85 213
132 87
11 99
152 233
154 173
119 245
34 226
132 227
181 6
184 140
130 217
210 199
225 66
15 78
88 18
217 11
244 198
189 249
11 12
28 29
247 9
101 39
248 177
149 232
202 111
224 167
56 36
232 146
157 244
81 3
74 53
92 10
139 94
248 142
8 182
213 232
184 150
191 131
41 18
62 138
55 28
114 182
226 201
136 174
134 249
2 175
173 12
14 73
178 244
235 139
211 35
24 31
123 172
195 246
72 208
157 112
243 45
132 168
210 60
166 62
178 64
186 215
184 59
104 90
100 201
157 139
118 207
35 203
213 220
192 56
207 48
54 44
94 167
166 170
227 197
124 205
149 166
141 80
133 50
54 195
220 123
54 38
221 200
165 222
166 232
141 5
9 52
106 50
117 20
21 11
86 118
22 192
157 41
60 234
93 99
220 174
45 37
211 39
195 241
1 14
184 192
201 5
121 29
14 199
166 213
127 74
185 203
120 75
117 77
224 176
92 41
50 145
248 250
243 177
190 229
219 62
86 25
154 123
212 204
241 8
43 130
78 177
14 51
14 118
233 125
141 63
101 193
172 34
13 124
216 92
68 231
123 213
61 35
192 158
242 46
124 144
152 146
108 148
138 227
189 136
108 230
99 22
171 86
71 206
98 181
28 137
178 157
232 48
109 47
71 22
213 63
116 45
190 155
232 196
155 144
36 33
245 177
52 123
162 230
73 200
162 236
246 190
185 40
69 173
14 167
19 152
32 54
113 181
41 189
12 29
218 191
15 242
191 12
166 85
56 55
54 26
24 36
61 207
69 9
94 202
95 218
131 225
136 47
128 92
128 93
50 95
169 176
93 104
49 62
221 12
14 4
83 104
157 89
146 101
17 105
210 214
185 184
249 34
92 125
206 201
171 244
243 208
141 144
194 160
113 21
127 157
90 188
69 44
153 248
157 190
225 157
96 62
45 58
233 130
225 54
194 218
206 133
35 229
232 180
46 134
78 171
31 244
132 93
40 67
154 244
130 184
175 101
22 38
215 105
118 67
246 84
222 139
160 104
131 61
4 237
240 13
46 225
244 101
41 81
166 130
90 74
86 61
39 176
21 214
42 5
74 13
215 200
44 237
20 209
236 97
67 191
221 103
168 100
203 66
209 162
23 79
121 105
57 166
248 116
119 159
109 111
82 37
109 49
118 110
19 52
96 232
184 89
214 133
18 193
43 228
26 218
76 136
124 184
226 31
149 10
25 35
211 38
131 210
159 35
191 219
171 200
59 129
178 54
133 125
33 92
44 117
72 53
87 28
210 125
216 239
78 166
117 36
167 42
16 179
137 153
145 137
72 191
226 163
128 65
126 49
34 93
239 32
243 55
170 227
162 171
4 6
51 44
174 6
214 132
15 104
180 142
121 115
9 72
246 98
132 143
87 190
184 105
236 93
60 209
201 42
103 209
105 73
80 12
145 12
144 59
191 144
64 72
140 58
99 82
41 240
113 70
178 196
25 89
214 111
228 155
21 19
15 198
138 1
157 45
227 50
154 227
37 145
238 199
206 106
176 82
36 128
69 178
173 232
68 225
126 116
101 138
33 144
164 42
60 108
166 31
4 93
25 171
111 249
138 94
127 106
146 203
158 188
245 26
167 27
40 97
137 12
57 206
175 163
183 12
62 93
85 209
130 243
86 91
71 168
184 108
183 120
85 241
231 104
122 166
43 96
94 235
147 136
235 42
30 8
67 58
75 147
53 154
117 172
158 3
118 63
136 86
171 17
46 243
191 60
178 188
23 134
94 141
113 76
46 119
232 46
233 78
127 35
102 84
47 187
151 155
11 230
175 207
131 107
36 72
182 230
231 120
223 136
248 200
197 93
35 197
238 106
154 45
16 111
172 9
97 114
65 133
191 181
86 134
5 238
75 194
227 82
45 50
79 69
104 196
221 243
61 153
23 4
64 226
249 181
75 203
51 64
193 126
191 111
109 166
140 245
91 195
148 8
43 83
15 8
77 35
195 240
147 243
183 173
189 169
192 215
246 245
139 104
130 26
196 170
121 28
16 113
157 133
230 150
106 129
189 49
236 26
123 131
21 115
118 215
147 67
235 154
159 4
156 149
42 154
85 4
179 66
84 197
145 123
167 29
190 113
15 75
157 28
34 235
220 84
139 233
110 102
217 1
167 218
244 38
82 31
129 204
45 78
5 194
187 87
244 146
210 232
153 226
46 97
7 89
114 172
77 194
212 215
197 70
67 163
124 11
218 222
194 106
208 197
204 61
148 189
17 230
41 84
239 227
155 17
34 197
146 113
12 148
215 181
98 73
180 16
185 169
44 55
212 157
17 130
196 174
2 47
237 32
28 52
118 12
183 98
36 155
228 222
195 225
75 45
88 176
6 225
167 79
207 120
86 160
80 119
100 222
221 207
133 88
42 150
179 121
136 54
162 206
101 81
205 96
153 99
115 31
61 232
171 240
6 240
231 88
21 211
31 11
152 127
177 207
115 158
123 53
23 151
140 20
54 131
3 183
200 19
235 67
201 196
9 64
86 203
63 11
60 193
62 53
49 172
117 206
238 141
205 6
207 122
103 238
190 215
118 157
11 56
162 95
178 216
97 149
226 107
109 233
150 207
196 128
182 206
200 242
42 63
131 62
124 107
185 199
88 67
246 182
97 184
96 1
180 79
101 163
175 53
193 242
59 43
104 119
193 35
195 173
51 217
37 151
128 121
177 112
16 204
99 111
156 94
247 242
227 185
91 175
38 98
235 35
75 230
40 29
27 68
42 93
64 50
11 125
230 125
237 117
4 183
248 45
190 235
98 161
127 164
90 175
221 228
101 145
220 15
20 32
126 192
161 30
29 197
202 142
128 218
86 70
50 30
161 177
206 14
194 10
16 212
231 62
196 182
190 105
188 177
190 96
219 186
36 178
194 193
214 205
60 29
114 46
129 73
191 206
184 210
40 53
200 54
101 168
212 93
205 236
82 160
178 111
9 157
80 54
216 113
150 67
127 76
93 5
227 207
1 185
20 177
181 179
98 206
249 6
249 70
145 158
210 70
212 22
223 190
81 200
130 3
10 68
75 150
48 157
159 200
25 180
223 226
74 38
101 33
224 183
38 246
203 145
206 209
179 3
199 230
128 96
40 167
215 123
107 139
32 168
45 188
100 181
151 13
116 150
199 134
245 106
184 143
73 107
101 132
22 171
152 155
219 8
229 53
159 189
233 196
168 194
180 243
120 88
19 98
158 196
93 48
129 158
213 130
187 241
152 128
222 64
128 49
189 167
204 201
76 124
157 220
105 205
84 218
71 196
134 102
197 225
67 237
142 27
167 148
22 181
21 231
41 58
45 38
222 126
111 165
142 224
71 217
220 2
35 202
74 44
49 169
63 234
148 52
164 245
76 180
147 128
100 221
199 128
194 69
56 51
230 161
103 122
126 132
91 35
243 93
222 60
103 206
56 146
205 107
97 74
164 26
144 57
93 199
126 139
20 194
230 240
49 20
228 30
107 97
191 204
6 29
98 26
95 136
139 68
185 195
191 98
243 194
183 109
32 89
35 142
242 98
141 169
181 19
227 142
126 188
179 129
53 87
139 105
137 59
217 245
214 118
83 180
77 249
68 178
200 229
180 220
227 194
233 60
237 47
152 67
234 81
45 198
156 109
62 104
60 145
13 200
38 216
77 75
153 247
178 162
190 116
28 62
5 73
158 118
106 166
82 156
155 136
49 238
127 156
119 242
17 65
147 6
203 170
79 104
80 187
79 98
120 143
135 165
87 11
86 7
214 186
94 29
202 56
174 119
246 139
207 156
56 196
60 229
218 189
145 204
101 221
151 168
42 7
10 231
212 81
249 116
70 16
36 206
39 5
14 202
145 149
244 106
93 198
131 91
125 38
166 138
78 205
172 118
196 95
225 232
115 165
228 101
134 107
105 66
2 67
193 3
37 242
105 93
232 107
146 66
9 248
21 237
170 210
83 109
28 166
210 154
106 13
11 140
117 228
168 127
151 114
24 85
47 27
209 88
141 195
159 29
112 159
106 186
149 118
130 238
244 188
206 210
1 163
14 150
4 106
246 11
241 23
80 150
82 215
160 205
237 18
115 63
197 210
231 97
8 164
25 121
87 238
151 63
92 123
216 75
99 163
227 97
125 103
20 63
71 149
111 37
44 212
85 97
245 141
242 103
136 148
142 59
93 65
106 72
70 89
80 229
127 96
135 80
118 145
46 153
60 19
89 71
204 228
145 140
174 207
209 187
211 160
3 191
36 176
72 97
148 162
77 183
216 176
144 186
233 246
247 178
214 11
230 170
22 98
112 139
64 44
124 72
202 245
82 54
84 23
169 210
2 173
140 161
190 231
145 233
211 67
91 187
78 72
109 54
1 180
117 133
164 181
137 197
149 133
179 97
114 39
60 87
214 135
29 235
117 139
249 224
97 118
198 95
174 164
35 175
208 28
26 99
158 109
95 160
80 97
148 7
27 24
14 155
8 242
107 122
248 102
126 3
138 147
209 136
121 141
95 129
235 167
198 134
182 209
166 157
186 132
32 179
68 148
150 105
236 44
222 51
135 30
37 95
187 19
128 38
57 5
4 95
204 33
166 116
204 248
175 11
45 66
95 149
129 152
134 59
85 13
165 90
162 109
43 16
217 236
234 83
157 136
39 13
173 51
142 100
107 75
132 138
98 226
153 196
157 38
121 10
96 105
236 25
63 10
19 137
4 3
37 28
33 194
15 125
227 183
37 234
249 214
226 242
90 130
193 74
91 171
198 76
54 31
56 5
88 233
249 66
112 39
115 149
199 170
33 200
204 65
209 6
204 42
81 147
194 45
62 209
164 154
154 39
41 104
138 164
163 242
41 30
187 50
11 220
243 50
135 86
129 21
119 114
191 124
211 199
151 183
242 78
215 145
196 63
39 246
5 144
58 62
66 238
183 82
147 171
237 54
127 239
19 245
88 154
233 234
206 65
48 155
84 99
233 223
207 41
243 51
229 178
170 33
20 141
241 210
13 29
111 166
55 221
241 79
121 60
60 175
239 165
131 81
208 130
198 43
92 248
133 69
43 131
171 82
236 234
201 88
178 175
201 224
99 10
69 247
140 66
64 154
194 182
4 116
49 43
210 201
26 211
29 161
135 35
50 11
160 216
156 36
95 205
90 2
173 11
40 123
197 51
176 75
47 53
51 67
195 81
166 151
29 113
238 203
127 67
43 141
114 78
206 52
36 146
39 177
75 96
182 140
89 232
154 105
204 121
239 173
84 191
155 70
1 80
62 118
122 5
244 73
238 52
61 70
42 89
117 38
74 40
105 138
209 214
245 67
88 104
164 186
73 172
221 43
156 174
68 31
147 102
165 119
85 23
128 184
31 89
150 106
181 39
51 212
220 247
30 45
85 21
15 190
133 79
230 51
225 248
77 210
19 71
208 221
86 149
105 235
74 66
141 187
147 7
190 40
181 154
244 137
136 31
120 163
250 142
116 237
166 97
184 5
36 199
240 47
215 139
164 173
109 192
194 169
203 91
103 94
128 169
201 81
135 16
19 37
125 227
148 144
184 56
109 110
138 234
9 104
192 165
152 12
165 47
157 35
153 54
144 84
146 173
61 74
150 180
20 135
89 125
171 210
220 10
114 96
173 212
132 208
165 232
188 12
226 140
246 203
133 139
169 86
62 88
46 193
134 31
14 182
29 138
33 125
189 107
40 72
109 181
233 236
38 136
34 107
25 120
62 248
10 71
200 194
191 26
138 211
241 127
219 232
144 179
199 83
214 128
242 120
158 219
187 119
150 204
155 93
201 194
241 61
232 138
81 153
240 237
222 137
42 69
213 105
182 96
160 241
69 23
126 152
119 137
247 83
168 134
57 69
215 73
99 188
34 111
128 191
85 240
91 65
188 14
96 203
151 64
52 171
39 36
218 24
101 16
14 159
30 114
244 115
31 178
177 160
180 173
211 174
55 23
43 137
215 7
85 109
132 122
224 195
106 170
220 233
14 240
236 107
117 208
241 59
122 14
153 11
4 12
27 77
190 85
147 194
244 240
216 208
148 92
238 78
248 218
181 8
230 8
142 184
43 244
108 156
101 93
189 183
19 154
26 33
19 234
238 30
196 9
55 116
198 243
143 191
220 133
130 219
172 229
70 42
26 113
53 213
44 17
250 66
101 174
159 6
34 78
228 58
84 71
208 191
23 1
240 66
235 31
22 179
142 9
62 186
115 68
27 143
113 52
163 4
44 20
208 231
21 25
114 36
210 152
114 108
58 223
74 221
54 172
216 192
76 64
232 111
88 127
56 46
151 98
174 57
64 81
12 245
10 30
53 27
106 202
204 190
216 184
153 135
93 172
148 29
158 112
78 244
115 93
21 93
170 72
174 53
120 134
165 105
236 213
8 179
115 141
26 55
122 136
10 213
134 40
129 109
10 27
239 66
16 44
38 247
81 13
99 147
100 218
110 31
224 104
219 200
140 138
32 37
223 27
178 109
137 33
189 222
194 81
68 124
144 109
156 10
247 216
61 121
200 84
118 106
127 223
130 133
8 154
131 190
48 42
101 110
145 223
79 9
196 35
124 209
190 22
198 142
166 171
75 143
202 120
86 139
12 194
53 28
8 58
50 249
241 1
7 55
132 192
196 74
223 19
202 64
3 69
240 157
165 141
94 48
218 165
188 40
224 68
209 70
119 212
14 5
5 175
1 15
238 131
235 213
123 143
15 145
158 143
7 161
231 127
78 170
73 239
226 103
162 170
27 9
159 41
63 27
97 210
110 205
43 178
7 250
126 77
136 152
174 148
194 191
198 145
248 93
64 228
32 118
14 113
214 59
225 95
59 110
66 244
65 109
46 185
137 113
26 202
161 191
122 39
74 222
199 6
98 70
52 93
103 243
211 169
190 134
188 118
171 228
50 21
32 46
133 55
122 106
215 229
160 203
215 152
24 108
157 113
244 68
178 189
26 43
159 172
43 140
1 20
198 162
135 218
182 193
187 68
4 182
127 246
154 117
21 127
162 207
141 231
65 145
18 176
1 52
53 247
192 171
242 239
143 3
115 110
101 72
171 34
12 202
239 245
224 59
17 184
206 77
141 113
36 189
34 132
217 125
77 104
176 20
62 67
6 105
61 218
171 115
42 140
41 87
199 171
5 62
166 80
215 78
237 193
77 236
75 9
9 224
190 27
241 209
229 28
176 170
80 32
231 176
113 129
157 115
122 49
58 147
13 190
10 157
95 84
17 27
215 183
120 15
86 181
93 72
77 135
218 57
145 166
17 132
117 39
169 42
99 228
99 40
42 37
23 122
192 93
120 131
204 119
197 201
44 147
160 114
89 82
146 163
132 7
77 139
220 208
205 40
3 28
119 81
63 148
110 212
107 222
235 145
25 94
102 126
20 116
3 57
130 207
198 68
95 94
113 27
199 178
233 62
229 97
60 12
25 111
27 230
14 140
237 187
15 250
149 226
7 125
238 58
208 172
116 38
68 248
225 75
158 70
192 75
2 69
144 250
22 218
169 130
137 224
73 130
218 42
184 2
139 174
53 115
44 165
212 158
129 139
6 28
183 154
101 178
57 50
188 84
11 213
217 7
95 52
141 89
28 241
26 102
241 190
105 27
194 174
148 112
100 3
162 208
230 105
108 242
75 47
32 209
164 31
39 180
89 96
229 41
32 226
88 236
66 18
82 41
32 65
11 115
150 179
225 67
148 82
43 76
111 224
127 250
105 91
57 116
184 73
76 26
206 180
52 17
162 60
141 34
250 157
193 106
23 200
163 212
217 52
92 40
174 41
240 138
78 76
185 168
195 208
175 87
32 186
229 65
69 186
25 155
148 6
165 33
158 61
229 186
132 59
136 172
206 72
148 60
214 177
250 179
7 173
183 30
89 23
117 16
225 2
202 175
130 226
86 42
117 148
199 140
189 147
59 238
121 209
133 11
223 42
167 128
209 242
131 132
159 164
92 232
107 43
180 215
93 137
185 242
114 184
57 21
82 8
24 135
27 107
96 221
151 217
121 152
179 140
39 215
73 173
189 233
37 121
172 68
164 163
105 183
40 109
109 122
246 54
245 28
173 214
68 79
153 199
190 142
210 238
243 159
161 185
37 212
73 97
175 95
42 82
75 22
225 199
187 183
102 20
171 2
100 207
30 66
57 11
221 104
144 156
134 61
58 221
27 240
143 95
162 47
173 105
248 43
155 154
30 184
29 105
118 156
200 7
40 9
49 35
131 113
208 108
203 174
80 200
49 9
54 41
31 98
180 72
26 12
239 100
229 210
113 237
11 97
28 81
221 191
46 12
242 244
67 84
89 211
188 173
85 22
19 201
160 162
102 185
168 181
56 1
50 132
44 95
164 40
25 250
126 68
73 102
177 175
164 226
121 53
101 6
169 122
64 92
236 17
222 109
40 163
204 77
219 28
18 172
199 44
218 140
203 127
157 154
125 214
107 227
100 99
58 96
83 193
171 230
7 67
106 43
78 232
159 87
73 131
242 151
150 190
187 233
36 16
227 32
102 23
12 199
2 129
144 39
23 130
87 247
226 152
136 41
62 150
157 65
207 208
52 31
213 225
144 66
26 192
193 39
69 176
47 83
71 248
155 218
69 202
141 221
64 39
134 129
157 201
179 157
141 3
239 103
18 156
247 90
120 197
71 238
28 132
3 236
147 66
232 40
4 187
29 146
226 161
60 180
30 153
74 184
46 54
97 160
56 144
34 230
250 65
50 49
189 223
235 75
130 95
83 240
128 112
190 196
110 21
241 165
65 67
15 160
19 191
15 231
29 36
16 136
128 233
43 40
203 153
86 92
61 98
131 233
118 47
58 33
17 134
112 47
102 68
12 167
185 62
184 28
63 155
140 15
69 4
224 184
115 90
159 45
73 197
103 158
173 194
45 106
196 238
71 120
142 6
149 18
146 222
242 211
25 176
224 123
52 235
32 167
172 201
102 5
110 154
96 125
62 127
112 149
106 97
227 237
105 68
228 22
3 80
249 128
42 8
231 27
23 207
221 181
181 89
61 162
97 5
6 201
219 146
215 156
63 226
171 49
131 75
37 209
184 251
28 252
106 253
192 254
107 255
2 256
53 257
148 258
227 259
161 260
60 261
195 262
101 263
139 264
228 265
148 266
13 267
183 268
31 269
194 270
121 271
87 272
79 273
116 274
53 275
143 276
57 277
59 278
235 279
19 280
57 281
63 282
61 283
201 284
44 285
23 286
238 287
156 288
101 289
158 290
10 291
181 292
92 293
172 294
226 295
69 296
1 297
145 298
3 299
8 300
183 301
124 302
162 303
175 304
188 305
153 306
203 307
6 308
200 309
195 310
83 311
185 312
144 313
1 314
62 315
109 316
125 317
83 318
222 319
69 320
225 321
36 322
66 323
114 324
209 325
138 326
164 327
187 328
54 329
227 330
126 331
209 332
132 333
206 334
124 335
103 336
30 337
183 338
115 339
218 340
93 341
114 342
221 343
34 344
6 345
123 346
173 347
160 348
118 349
232 350
100 351
19 352
137 353
26 354
103 355
59 356
169 357
88 358
46 359
89 360
244 361
230 362
168 363
3 364
46 365
210 366
171 367
106 368
154 369
220 370
196 371
171 372
137 373
106 374
45 375
194 376
167 377
107 378
89 379
170 380
222 381
244 382
119 383
153 384
242 385
122 386
18 387
186 388
125 389
72 390
94 391
86 392
99 393
120 394
96 395
80 396
123 397
205 398
55 399
28 400
77 401
103 402
19 403
223 404
22 405
33 406
157 407
8 408
6 409
224 410
148 411
136 412
133 413
104 414
47 415
41 416
87 417
72 418
92 419
43 420
87 421
138 422
23 423
232 424
161 425
12 426
225 427
170 428
194 429
155 430
19 431
244 432
145 433
177 434
118 435
79 436
213 437
94 438
73 439
187 440
228 441
214 442
70 443
225 444
127 445
217 446
18 447
16 448
155 449
6 450
21 451
12 452
140 453
216 454
61 455
149 456
142 457
53 458
85 459
54 460
212 461
137 462
44 463
133 464
104 465
38 466
197 467
94 468
184 469
100 470
221 471
153 472
93 473
168 474
104 475
37 476
144 477
81 478
229 479
213 480
232 481
128 482
30 483
31 484
93 485
206 486
128 487
54 488
79 489
25 490
66 491
120 492
33 493
94 494
250 495
215 496
137 497
172 498
227 499
152 500
