500 600
281 465
28 164
67 79
80 123
8 270
238 157
170 46
274 360
250 264
325 309
356 198
398 351
380 337
107 135
423 334
233 278
392 222
468 273
251 22
320 338
325 464
133 104
206 208
404 447
38 415
372 333
329 67
162 423
271 357
17 314
280 342
94 426
93 155
449 42
381 121
19 457
69 442
290 7
5 338
116 459
465 202
256 387
480 289
204 270
356 466
25 121
456 215
5 269
469 199
486 197
176 157
231 228
289 267
426 292
119 358
213 110
335 452
230 282
24 98
215 230
307 124
350 387
352 398
406 354
495 5
76 113
11 49
372 79
311 114
213 227
296 39
268 34
360 266
149 152
122 374
497 403
36 392
362 124
124 314
390 424
63 451
341 400
153 14
382 398
163 294
202 482
351 79
137 362
296 372
123 158
111 255
204 44
43 492
485 45
342 38
357 426
94 65
164 45
105 230
79 405
165 66
58 469
376 92
165 474
57 290
323 300
438 472
10 401
92 128
414 243
422 467
349 1
215 383
157 425
199 43
382 293
265 290
368 33
204 256
78 258
113 248
498 363
123 468
415 87
320 169
213 488
145 176
404 479
34 397
353 414
347 4
320 304
144 123
16 173
462 50
6 291
256 159
87 126
151 206
165 189
286 85
334 286
206 177
193 58
439 44
171 19
394 153
347 280
141 140
26 41
102 155
64 492
60 190
482 129
132 147
402 119
69 128
26 383
336 149
171 23
259 216
335 483
41 93
204 181
411 157
417 385
97 342
487 253
31 244
260 325
13 81
256 264
299 114
451 148
174 9
12 290
133 385
254 409
241 381
185 26
402 449
473 242
52 115
8 460
258 324
339 387
22 240
44 209
231 437
215 102
306 376
300 154
326 283
143 387
391 106
455 454
32 381
440 297
59 192
472 175
351 189
373 55
91 131
437 264
169 101
180 476
351 298
113 129
299 413
436 219
435 270
466 387
121 39
352 423
160 375
386 63
35 206
492 49
178 175
117 343
112 472
459 338
426 99
424 80
227 408
151 368
172 460
77 118
309 341
408 380
462 240
23 274
183 205
187 327
113 278
192 350
227 69
18 10
53 81
460 450
148 13
233 98
104 86
174 84
101 340
90 376
22 464
390 405
137 81
381 349
38 214
412 421
119 477
278 228
191 81
275 475
310 45
498 91
138 288
287 226
334 21
225 1
443 16
382 488
488 76
137 306
259 400
442 134
42 399
430 175
419 405
373 137
493 172
466 213
320 151
395 373
340 230
446 378
375 236
61 236
402 175
318 150
437 72
320 207
268 480
100 202
434 404
77 447
190 179
253 112
245 267
185 53
141 163
437 443
285 255
34 9
263 446
78 62
328 135
95 185
460 402
493 442
427 184
143 302
29 74
478 182
447 190
134 356
28 284
467 93
205 275
457 165
349 286
280 247
82 3
477 158
118 271
135 425
467 160
131 92
191 58
105 329
360 3
417 444
29 362
138 379
292 295
158 14
14 37
108 96
158 216
49 92
54 393
80 237
76 109
406 407
71 145
254 164
319 175
209 196
432 137
188 500
86 363
361 65
351 417
216 140
267 306
105 219
243 377
300 185
155 210
461 130
450 447
493 175
185 500
58 194
397 255
203 264
220 125
246 422
156 266
221 21
100 421
253 137
36 386
58 210
18 38
397 138
152 414
296 432
151 85
170 36
115 97
460 433
168 38
394 246
215 408
32 462
319 171
248 144
300 158
186 179
19 78
328 106
44 150
350 473
211 113
200 371
72 376
420 351
51 332
303 343
276 226
193 111
140 458
310 27
282 383
37 464
407 121
381 359
326 230
498 367
397 174
21 210
343 423
186 268
299 170
395 268
207 436
192 297
283 37
25 334
286 496
122 490
389 334
468 100
75 262
93 352
389 484
387 377
32 459
422 402
462 160
134 169
145 50
433 362
388 453
3 353
420 478
17 484
53 302
125 2
462 311
217 142
500 477
348 165
15 374
436 212
212 383
466 294
209 5
17 140
172 105
19 412
297 380
50 382
407 311
157 11
63 352
496 452
133 115
23 164
205 218
376 430
475 150
489 400
467 388
139 455
342 172
241 200
232 105
190 264
192 312
334 53
446 141
437 479
488 121
173 312
385 226
219 296
229 241
382 194
360 451
251 49
187 89
362 24
5 268
268 3
70 313
391 7
188 50
241 297
325 107
293 304
159 98
104 279
285 424
445 272
83 442
442 312
229 305
37 384
380 370
12 213
280 354
329 426
372 255
390 296
209 314
435 177
391 315
367 170
7 384
362 299
32 398
495 159
386 150
374 189
322 21
310 380
55 44
342 384
230 269
450 143
155 112
155 89
102 104
193 201
255 152
386 114
107 121
10 142
53 30
349 358
209 292
151 56
144 50
28 283
346 219
81 487
415 343
109 258
419 113
488 276
386 404
96 44
148 486
471 154
30 328
327 31
445 259
108 300
334 146
117 457
245 490
166 287
226 263
62 418
402 240
459 320
88 348
316 238
378 1
138 149
318 256
8 330
71 363
134 135
465 397
78 496
468 410
462 406
345 145
20 415
454 228
198 57
395 27
162 387
364 329
211 227
229 254
418 26
182 387
223 457
354 61
193 470
236 286
425 294
74 58
407 217
41 360
12 141
432 195
470 51
276 370
163 440
337 371
59 474
499 471
253 320
450 425
50 197
376 147
110 130
57 232
381 491
302 57
211 86
267 275
73 88
