500 500
436 412
51 207
291 200
296 467
122 126
198 67
133 19
357 445
500 42
276 368
78 189
15 494
364 116
450 322
53 416
155 383
255 113
263 339
472 285
209 441
211 183
178 107
419 100
160 329
379 301
24 344
497 171
223 344
446 2
8 302
471 211
9 395
432 166
325 443
247 73
29 442
58 67
360 51
218 185
300 212
8 372
432 44
412 317
57 21
37 28
112 14
487 305
152 421
357 431
353 430
212 196
89 235
365 330
126 442
251 409
354 486
151 286
274 298
165 414
260 293
234 332
474 244
456 31
444 111
184 102
389 296
25 170
111 63
355 224
246 252
472 220
197 384
294 55
465 280
415 434
93 348
500 216
408 302
447 236
154 216
68 77
175 246
4 56
302 366
225 354
223 154
139 363
237 337
295 207
426 54
239 497
118 251
435 340
352 63
126 408
349 413
322 23
146 167
448 309
190 160
405 62
82 482
436 72
211 373
229 427
219 146
75 103
37 149
51 234
421 391
399 47
309 364
316 48
38 487
73 425
307 397
453 262
213 30
129 489
286 220
60 206
458 34
161 417
317 14
32 20
495 379
273 370
410 119
156 313
176 462
227 196
218 22
124 218
246 149
280 161
30 323
12 380
34 473
16 366
466 190
151 433
90 206
41 460
437 250
245 252
375 53
263 403
170 466
95 124
132 276
376 469
79 308
170 209
340 179
484 335
61 38
47 61
327 76
457 477
348 351
339 367
39 247
188 153
7 325
124 182
375 61
45 268
29 265
1 86
343 324
22 198
377 69
364 284
53 429
343 69
358 160
223 298
160 8
366 294
333 56
9 223
52 314
464 406
89 354
221 230
74 125
53 373
46 155
115 311
460 369
459 429
256 204
4 211
282 44
458 35
281 273
445 204
190 222
500 387
398 217
499 469
204 321
481 27
32 72
271 445
433 365
355 396
436 267
210 472
398 464
386 278
38 198
237 367
149 362
5 315
324 280
401 276
262 72
494 12
79 377
32 374
322 160
325 426
80 361
229 472
475 411
180 185
460 407
455 346
153 420
91 179
440 266
381 97
422 155
149 469
304 145
498 7
269 346
495 323
206 391
46 251
461 449
500 423
32 238
129 356
227 434
458 386
188 467
482 162
350 264
181 381
270 8
413 278
25 496
224 192
42 40
415 154
269 46
344 489
268 289
278 205
246 55
131 168
82 28
489 234
209 149
162 56
310 410
150 45
99 157
257 324
182 304
398 335
498 239
334 141
490 435
491 378
446 76
249 106
338 140
40 78
116 90
192 302
462 84
192 263
322 389
40 111
148 111
223 456
152 138
449 341
489 452
458 486
335 127
332 226
298 483
253 276
41 185
80 307
448 425
427 233
302 304
360 493
267 218
288 209
291 265
165 232
118 33
413 293
122 214
437 102
156 161
480 222
410 156
233 308
99 477
112 494
87 7
189 151
196 164
43 300
235 292
466 59
383 60
89 225
171 238
407 411
191 487
54 418
167 408
399 96
242 113
357 124
195 219
369 33
307 223
349 217
81 352
242 63
357 297
498 398
78 372
195 88
92 300
122 99
454 24
493 299
329 289
9 1
119 132
104 182
36 177
164 474
493 261
410 482
212 141
281 335
46 118
161 496
426 27
240 459
195 498
148 116
293 175
238 134
312 335
388 485
51 174
60 166
214 46
252 387
313 54
416 182
392 223
247 75
349 306
343 199
64 336
404 350
378 269
364 453
22 118
486 260
447 375
434 410
137 317
135 308
243 369
329 178
250 271
227 117
297 488
367 322
388 165
353 390
129 338
308 432
341 339
356 70
312 446
293 16
445 292
83 448
59 411
283 244
10 479
385 255
23 422
484 64
240 197
31 230
405 86
444 454
46 72
172 260
390 221
17 382
238 114
320 303
391 473
487 230
224 169
175 124
454 34
495 386
401 89
335 108
82 469
442 203
388 177
433 449
94 196
270 447
496 99
330 86
309 42
103 43
134 263
163 245
154 170
123 22
492 299
452 407
245 440
37 416
215 392
48 396
63 313
213 207
451 27
262 191
128 415
109 407
202 372
32 112
495 329
368 294
340 6
379 316
61 118
446 351
179 19
403 144
433 326
496 319
464 499
487 284
173 214
476 190
107 197
18 83
42 132
54 370
158 147
134 309
70 263
196 334
497 357
212 350
388 42
325 198
498 214
365 397
406 361
52 113
493 69
61 25
422 357
438 288
464 383
63 332
8 28
246 137
192 423
410 120
53 321
132 44
329 124
104 296
225 267
