100 200
26 97
59 71
17 1
66 52
51 58
59 76
26 23
96 91
29 32
60 61
85 34
71 4
33 99
73 76
80 63
11 31
69 84
24 17
62 15
22 73
98 44
59 41
54 70
8 34
1 81
97 87
99 14
14 41
6 47
64 49
44 60
70 26
15 11
72 98
68 46
8 19
76 79
31 62
90 98
63 71
36 44
79 19
84 34
65 56
100 59
63 58
19 93
14 59
87 72
38 44
25 27
20 17
96 81
79 97
30 53
68 92
9 46
38 20
23 12
86 52
39 25
76 48
54 85
92 11
94 71
84 33
58 32
50 51
1 37
12 97
10 66
86 9
73 10
17 57
100 36
51 22
16 37
68 75
34 89
51 2
56 55
7 51
26 62
33 45
97 21
63 4
26 83
17 42
37 64
87 55
52 26
44 4
19 61
18 19
43 48
47 89
76 1
73 95
65 53
12 1
27 75
86 34
82 83
48 90
23 48
17 93
44 6
61 69
82 36
74 31
94 4
5 44
49 100
69 66
8 45
45 37
22 97
24 53
37 90
25 60
30 89
65 70
5 84
23 98
30 20
1 10
46 22
92 67
24 87
88 50
52 80
9 4
23 43
23 64
29 88
87 8
94 32
68 91
38 73
75 73
13 32
67 77
95 50
2 62
25 64
49 48
70 51
80 56
23 57
80 15
16 98
80 3
36 19
29 20
61 43
33 77
42 25
27 12
79 43
61 14
32 14
17 81
74 87
25 4
81 7
8 78
97 56
70 83
9 19
35 66
74 24
69 25
85 17
14 76
73 15
75 82
62 35
27 78
25 11
25 28
29 78
81 62
4 43
79 59
8 67
41 55
56 77
15 86
26 96
85 16
15 66
38 13
12 60
86 42
34 12
72 69
1 90
61 70
2 88
37 11
