500 2000
155 4
101 78
130 96
178 94
207 157
29 28
148 185
79 161
152 222
244 106
30 8
110 75
192 21
214 83
123 110
120 99
206 217
52 149
47 73
231 241
97 168
152 182
125 94
140 238
201 167
236 19
14 50
206 134
218 217
202 146
238 17
122 180
15 236
222 191
234 8
171 169
88 170
45 203
123 115
130 81
245 208
11 107
216 108
99 79
200 3
69 160
69 87
168 189
224 209
93 3
6 221
236 167
67 175
180 86
198 130
128 64
227 56
163 173
158 129
217 35
142 81
24 149
1 185
37 52
79 118
136 241
246 155
37 16
204 215
58 200
111 35
8 210
149 178
203 87
175 231
87 66
38 106
135 108
167 160
197 6
85 42
165 69
116 195
27 171
234 48
130 211
45 164
148 129
225 208
4 144
68 72
144 97
223 142
170 241
131 6
11 61
228 213
134 185
109 24
171 228
128 218
131 157
118 110
223 154
179 63
104 44
109 181
111 196
239 190
173 89
199 166
183 49
225 61
139 45
173 171
222 127
137 239
221 113
169 43
221 156
121 145
16 211
120 176
153 101
66 34
142 83
6 247
63 187
223 214
189 69
144 196
3 40
60 24
29 74
101 22
207 250
180 144
216 73
191 89
74 69
228 175
55 29
146 30
40 226
64 101
90 162
25 47
50 186
245 84
158 1
196 24
41 93
142 186
218 139
123 197
98 11
211 175
239 198
247 46
104 202
105 128
150 40
208 107
165 77
133 149
98 130
214 28
96 213
227 156
234 243
71 31
109 204
111 238
188 207
200 34
116 78
179 201
115 35
102 16
31 241
224 102
133 191
199 239
224 228
42 170
2 128
95 106
205 8
55 168
224 129
18 138
179 221
52 213
157 216
51 95
106 161
130 154
160 218
3 66
23 158
51 202
147 2
181 92
211 3
154 38
55 44
97 146
39 247
60 110
239 62
45 72
204 185
56 245
121 77
120 106
198 177
184 186
162 159
206 51
16 205
62 202
99 204
54 204
16 153
114 107
147 130
158 182
213 28
82 69
94 126
128 3
136 193
17 35
212 166
153 61
154 83
16 28
187 94
175 15
54 213
240 73
24 94
75 173
109 101
182 122
191 20
47 29
142 39
178 19
148 74
220 44
169 160
7 227
172 92
84 2
34 78
120 125
67 57
9 184
68 34
190 241
44 243
190 131
38 201
236 40
205 96
31 94
125 217
136 247
31 243
72 200
165 56
186 58
123 84
33 84
107 22
155 50
17 81
6 161
162 115
151 243
173 144
74 36
91 164
35 241
158 208
230 188
39 32
41 52
115 187
38 2
169 81
137 146
152 233
147 141
104 73
220 127
188 210
238 11
56 65
136 130
209 37
48 169
12 126
223 197
231 33
194 175
165 250
144 215
131 60
28 27
64 110
211 58
51 196
44 86
8 187
216 203
88 208
209 113
214 148
188 74
32 187
138 234
218 51
59 51
180 97
126 171
93 16
205 24
188 156
1 23
220 142
3 97
70 206
95 94
70 154
204 230
179 21
244 188
208 168
104 43
123 200
200 214
164 200
126 153
15 14
103 250
110 234
225 186
52 191
207 117
55 74
132 59
214 89
144 70
19 144
57 72
75 217
177 54
171 114
122 40
134 62
19 226
84 96
195 231
74 102
84 151
39 144
153 151
233 51
12 192
54 167
134 88
132 111
202 66
240 162
1 160
5 119
155 27
189 175
84 50
80 110
6 108
123 66
243 159
202 79
56 151
108 64
181 115
171 133
71 186
100 250
96 65
222 101
177 164
48 237
172 187
123 219
217 234
186 163
73 17
51 105
160 87
173 141
202 140
58 106
23 234
4 192
42 59
154 16
41 182
94 62
143 218
228 79
154 184
44 213
199 185
48 14
132 62
115 164
96 97
159 99
104 236
196 46
116 235
247 129
21 239
190 125
110 91
37 111
31 99
219 156
97 35
167 107
219 193
168 161
195 95
181 3
60 32
14 87
60 10
146 37
223 5
145 151
180 84
112 239
168 225
115 173
149 215
51 68
248 95
5 46
86 153
139 83
94 70
171 246
80 200
160 250
192 11
212 26
137 22
226 7
87 72
23 41
151 63
165 7
159 18
143 217
227 226
58 67
245 105
54 219
167 145
53 71
60 189
49 218
149 233
61 79
150 165
88 222
63 110
237 41
210 108
3 115
172 91
140 200
77 143
149 200
128 28
64 147
131 128
21 79
168 59
151 207
126 35
86 92
230 157
8 174
29 172
233 250
80 164
100 168
167 86
211 242
70 149
106 159
232 25
128 19
61 222
76 64
196 60
90 163
102 199
217 27
34 83
235 175
185 49
74 243
125 4
128 15
6 21
18 204
85 68
152 60
21 229
93 92
105 57
24 233
74 236
147 57
149 88
131 45
7 250
180 132
235 159
146 65
116 149
203 26
231 228
15 22
71 37
238 166
242 194
192 217
50 53
185 197
226 88
208 130
112 136
127 189
221 168
102 152
177 81
174 186
3 78
17 221
108 191
98 166
218 161
247 143
20 66
4 180
152 193
101 161
208 99
74 250
207 244
70 18
159 67
184 78
128 187
68 7
46 126
197 236
155 56
18 181
215 53
233 15
192 97
24 197
95 49
10 30
117 129
225 102
135 106
97 202
16 171
188 228
24 3
154 178
75 106
169 98
5 44
30 167
111 100
175 237
59 216
84 108
145 57
165 143
125 228
95 240
104 61
103 3
187 43
169 23
62 45
130 116
132 199
10 66
179 147
101 54
4 23
38 67
157 104
9 154
176 179
54 17
219 47
246 41
160 238
116 85
58 199
21 156
145 171
36 108
145 16
112 140
161 158
56 57
124 82
138 6
224 26
147 45
136 79
178 215
184 153
238 158
67 228
196 49
233 76
224 165
204 43
25 115
165 119
155 223
144 5
85 139
58 244
122 96
190 204
167 245
140 74
184 145
192 123
74 172
87 50
19 175
80 52
23 184
50 74
195 113
215 181
55 62
98 160
32 2
111 92
4 226
46 29
68 44
226 55
73 94
131 207
114 177
167 29
222 205
143 138
115 249
56 154
119 77
212 227
139 3
35 223
24 110
131 120
21 91
123 214
161 159
43 44
220 22
209 80
82 217
249 38
200 79
74 175
81 196
103 121
51 110
106 149
67 48
103 170
122 60
198 34
46 10
63 132
107 239
109 196
72 62
118 101
23 88
241 89
16 56
89 14
71 220
62 153
217 231
49 19
108 59
180 50
179 17
24 65
217 152
148 126
187 58
54 18
228 53
83 44
55 31
41 59
24 15
34 194
93 211
190 231
3 249
31 150
244 171
185 147
117 240
39 36
189 58
44 142
247 133
53 68
162 79
186 182
69 146
230 202
198 225
86 170
99 51
22 104
99 10
122 105
240 118
245 171
196 230
41 211
70 158
21 238
114 76
186 191
211 72
6 85
15 240
216 39
234 230
35 68
110 241
140 62
137 25
178 101
168 110
161 165
146 57
96 35
225 80
57 166
157 215
142 107
174 150
135 64
103 205
240 152
14 121
249 27
195 118
136 89
25 30
91 25
140 190
125 147
160 242
25 44
7 213
144 142
212 174
63 149
141 234
235 200
141 38
84 61
195 230
19 54
2 53
180 125
24 247
22 236
41 33
44 48
119 86
86 14
69 148
91 80
20 160
136 69
177 69
158 52
25 32
88 234
35 117
148 123
97 237
128 167
234 241
90 19
183 204
65 80
184 177
169 122
113 36
95 242
21 170
59 247
47 227
230 215
110 188
91 206
161 43
5 210
224 99
7 138
214 153
217 85
102 78
117 141
206 14
148 61
85 92
164 106
108 239
227 36
212 139
130 25
163 53
60 73
187 244
103 89
87 101
208 16
29 160
80 50
216 166
32 172
49 223
36 85
129 223
30 166
72 220
65 45
159 8
235 36
136 40
206 1
206 75
8 130
75 91
85 21
174 131
148 83
132 126
139 9
168 17
115 157
175 130
222 81
150 51
199 24
241 204
66 116
239 248
98 106
12 232
91 32
51 122
229 121
134 178
156 170
116 218
112 153
205 178
82 178
40 62
12 146
194 230
113 205
236 126
73 44
5 184
131 108
210 201
117 173
104 112
112 226
119 220
12 25
68 104
98 168
50 126
79 71
92 100
214 25
103 209
134 152
88 38
232 2
93 4
246 13
134 186
164 216
129 176
37 124
82 53
242 232
201 145
68 211
12 83
152 96
26 28
104 129
197 59
143 192
126 19
149 173
184 92
93 229
226 173
189 201
139 30
176 223
67 59
25 2
52 164
108 214
233 217
243 220
111 163
243 104
83 66
152 6
49 176
37 103
236 158
211 15
143 172
56 132
127 226
207 135
200 161
94 40
94 102
189 53
78 218
160 36
216 197
17 45
172 218
216 54
68 165
46 194
225 135
10 128
246 104
115 201
175 144
72 233
208 77
63 70
12 17
122 74
81 225
49 124
233 64
103 144
140 132
140 49
220 77
152 114
184 128
181 194
177 122
218 203
32 40
104 34
113 247
65 191
62 124
52 187
184 246
111 144
225 220
38 20
46 66
159 234
119 11
181 99
80 12
28 215
100 185
198 206
90 217
190 143
234 75
186 155
164 65
118 160
123 161
66 161
26 96
178 189
126 229
175 126
62 53
170 63
231 122
236 110
8 178
161 181
90 195
162 77
202 36
142 26
243 142
14 171
161 237
56 142
48 226
117 140
95 147
28 80
10 78
60 124
22 229
205 36
223 157
18 132
62 95
4 178
154 93
112 186
23 56
53 47
152 112
235 211
35 178
218 17
242 197
40 79
48 201
37 142
79 221
12 73
131 12
47 117
58 216
113 79
187 131
241 155
163 20
80 98
125 49
184 179
176 54
114 96
24 84
173 233
197 128
21 230
134 58
92 179
176 244
17 48
241 222
199 77
99 12
19 61
147 115
187 70
17 113
26 100
43 233
190 14
168 187
39 119
217 245
142 168
184 138
245 211
42 94
156 140
165 61
205 106
231 120
88 219
117 130
126 80
217 250
163 141
195 158
178 132
195 109
215 36
121 184
16 248
181 137
140 124
94 139
54 84
197 25
163 63
217 38
34 51
182 76
56 107
192 215
67 121
237 12
141 211
222 176
192 79
17 185
59 158
44 163
116 110
7 100
33 26
163 207
52 203
60 77
53 238
76 152
232 220
182 6
230 25
189 34
238 220
65 29
133 78
241 192
166 242
103 191
108 50
42 135
86 56
232 147
112 215
88 80
123 150
159 21
125 179
124 135
85 209
192 183
210 115
70 155
65 48
161 128
128 221
231 209
52 93
149 40
235 100
11 202
239 184
45 47
243 115
15 197
142 101
82 56
104 139
226 114
30 73
27 6
192 243
10 247
158 134
66 61
3 152
149 216
224 50
158 37
7 191
162 34
40 179
65 207
10 207
173 225
168 119
131 203
129 213
185 66
194 4
250 25
39 214
47 238
67 98
66 78
104 227
118 199
56 200
212 52
9 124
195 34
21 44
42 232
247 104
186 61
94 225
96 90
62 100
34 173
186 37
132 188
77 103
235 161
213 239
32 137
123 16
103 169
63 103
232 113
141 80
240 120
168 131
43 116
60 118
201 205
49 75
143 5
92 74
29 143
185 247
21 8
224 243
193 51
132 220
47 115
9 97
98 159
54 71
65 141
208 213
49 37
143 62
69 42
70 25
41 87
20 47
17 163
42 73
148 162
83 228
247 16
175 57
189 220
123 142
161 38
187 206
129 85
195 24
33 192
147 11
126 203
9 106
163 151
77 203
246 227
47 14
27 246
159 41
42 222
72 248
233 41
39 241
152 109
121 29
153 223
27 110
164 17
132 201
58 40
45 50
136 91
95 41
206 127
39 158
179 212
203 104
140 28
138 249
139 89
182 118
99 232
234 153
217 242
44 96
118 135
86 63
27 19
88 238
138 8
30 36
246 187
23 237
18 25
81 78
196 237
47 39
148 17
88 48
61 54
93 71
186 22
56 212
217 150
100 232
102 60
184 226
236 39
127 53
109 126
210 223
135 196
225 41
95 111
203 116
162 129
233 62
178 89
34 147
196 8
47 60
112 68
5 106
177 142
82 78
173 203
195 162
58 99
163 60
77 45
105 125
157 71
196 16
242 221
48 60
178 90
46 28
193 118
197 60
46 70
193 93
121 99
126 167
182 75
248 178
91 211
32 249
204 243
143 19
180 101
31 37
157 180
186 98
247 181
19 78
158 214
191 86
143 30
145 120
126 240
89 212
250 177
132 159
46 113
69 149
87 139
62 216
175 87
194 213
221 28
59 224
12 94
131 79
190 132
113 246
229 117
153 163
216 35
92 33
185 113
250 169
9 201
70 121
129 157
58 27
197 145
159 178
23 31
235 8
27 223
86 208
103 248
247 205
122 230
152 219
59 6
69 215
226 164
110 138
145 227
232 181
2 246
103 137
221 3
126 100
185 121
242 93
114 116
140 171
137 219
240 42
75 142
207 31
71 64
52 107
25 108
215 4
110 128
183 43
35 221
75 248
205 83
125 41
17 200
234 114
58 155
200 220
114 92
1 71
151 134
38 77
15 51
68 118
9 39
60 224
73 169
60 83
41 57
181 89
159 39
72 106
73 35
15 122
210 42
176 247
133 122
173 134
236 163
171 29
203 40
78 204
246 115
109 65
86 219
194 119
52 56
210 79
94 85
65 93
107 50
200 239
105 162
97 158
196 171
34 58
179 168
54 47
21 146
150 247
80 85
164 83
107 219
70 168
226 208
179 103
193 180
189 123
210 29
182 222
185 182
69 6
213 33
164 77
105 15
87 150
107 74
196 89
8 10
93 243
135 143
86 139
170 43
213 136
72 28
117 62
215 177
17 186
76 102
40 9
70 186
115 159
166 7
236 48
225 52
4 172
3 134
200 186
40 4
234 142
59 244
28 74
156 71
168 178
91 11
89 169
97 159
109 58
142 12
22 105
177 37
174 249
230 133
10 2
115 126
60 33
23 122
194 29
53 153
245 52
141 210
45 171
79 110
198 123
151 160
38 52
194 136
67 80
206 115
175 5
184 210
31 140
153 26
135 111
171 52
123 241
88 247
244 246
202 120
212 63
167 166
204 166
4 61
148 98
103 204
51 223
142 3
80 149
59 235
80 157
104 216
250 34
29 181
82 103
71 130
112 190
175 119
82 114
3 183
11 36
174 26
234 74
208 94
136 25
127 162
140 246
184 60
107 140
17 20
210 87
88 129
101 248
65 53
145 217
56 173
1 104
230 158
1 86
213 244
48 63
218 60
204 49
176 201
20 7
208 17
143 157
157 169
161 129
19 133
27 192
26 157
230 5
166 24
88 116
68 93
210 23
108 5
186 183
232 130
121 197
103 96
146 60
193 56
99 236
105 137
45 221
121 179
185 90
69 188
163 240
10 171
57 226
140 67
28 160
163 86
28 109
230 106
91 108
223 237
101 194
7 155
36 218
173 22
146 99
125 222
92 12
19 75
174 206
242 171
38 173
42 237
17 225
5 212
166 131
223 184
33 16
67 160
102 191
222 1
23 175
84 207
71 17
158 131
116 127
30 204
242 237
87 201
245 149
69 222
185 242
104 92
25 149
177 72
156 29
10 127
23 102
96 170
25 167
7 173
62 24
34 118
234 249
141 81
135 70
124 75
229 82
245 85
113 47
88 178
170 75
246 22
135 168
13 3
195 101
75 27
154 131
100 20
13 238
60 92
164 129
3 216
175 179
159 37
77 235
115 170
61 94
29 119
218 240
73 74
226 150
73 61
66 14
41 108
187 148
88 136
214 80
114 141
15 116
10 221
136 146
10 9
136 248
108 45
227 90
239 205
23 71
201 99
15 232
241 238
14 208
28 53
96 251
101 252
168 253
249 254
189 255
221 256
50 257
66 258
73 259
194 260
26 261
161 262
60 263
1 264
164 265
48 266
147 267
89 268
69 269
140 270
41 271
125 272
68 273
121 274
66 275
183 276
22 277
229 278
121 279
152 280
197 281
239 282
103 283
27 284
49 285
197 286
130 287
78 288
132 289
25 290
53 291
94 292
69 293
65 294
100 295
209 296
232 297
93 298
220 299
143 300
65 301
191 302
92 303
187 304
207 305
207 306
12 307
17 308
118 309
83 310
132 311
206 312
52 313
246 314
7 315
27 316
37 317
126 318
240 319
108 320
187 321
99 322
180 323
16 324
210 325
29 326
63 327
185 328
113 329
190 330
231 331
28 332
132 333
36 334
157 335
96 336
230 337
145 338
246 339
154 340
212 341
94 342
76 343
181 344
36 345
120 346
52 347
89 348
19 349
142 350
117 351
137 352
227 353
36 354
50 355
192 356
144 357
110 358
100 359
32 360
219 361
100 362
28 363
235 364
122 365
181 366
73 367
219 368
21 369
6 370
17 371
86 372
6 373
179 374
77 375
120 376
173 377
86 378
162 379
141 380
159 381
14 382
230 383
157 384
39 385
144 386
174 387
222 388
199 389
106 390
72 391
108 392
17 393
105 394
157 395
196 396
87 397
235 398
250 399
41 400
81 401
174 402
78 403
121 404
68 405
57 406
140 407
226 408
170 409
217 410
176 411
75 412
240 413
24 414
250 415
145 416
210 417
68 418
135 419
249 420
105 421
62 422
113 423
195 424
88 425
164 426
28 427
5 428
44 429
151 430
244 431
222 432
122 433
185 434
195 435
98 436
245 437
82 438
223 439
71 440
145 441
83 442
221 443
27 444
157 445
116 446
39 447
192 448
116 449
65 450
191 451
139 452
225 453
227 454
149 455
212 456
64 457
147 458
191 459
7 460
16 461
103 462
162 463
249 464
63 465
189 466
140 467
140 468
163 469
100 470
234 471
77 472
248 473
182 474
91 475
223 476
211 477
230 478
51 479
148 480
37 481
163 482
186 483
1 484
166 485
105 486
247 487
30 488
66 489
104 490
208 491
140 492
31 493
43 494
33 495
168 496
143 497
23 498
58 499
27 500
