499 749
1 3
1 2
2 3
3 5
3 4
4 5
5 7
5 6
6 7
7 9
7 8
8 9
9 11
9 10
10 11
11 13
11 12
12 13
13 15
13 14
14 15
15 17
15 16
16 17
17 19
17 18
18 19
19 21
19 20
20 21
21 23
21 22
22 23
23 25
23 24
24 25
25 27
25 26
26 27
27 29
27 28
28 29
29 31
29 30
30 31
31 33
31 32
32 33
33 35
33 34
34 35
35 37
35 36
36 37
37 39
37 38
38 39
39 41
39 40
40 41
41 43
41 42
42 43
43 45
43 44
44 45
45 47
45 46
46 47
47 49
47 48
48 49
49 51
49 50
50 51
51 53
51 52
52 53
53 55
53 54
54 55
55 57
55 56
56 57
57 59
57 58
58 59
59 61
59 60
60 61
61 63
61 62
62 63
63 65
63 64
64 65
65 67
65 66
66 67
67 69
67 68
68 69
69 71
69 70
70 71
71 73
71 72
72 73
73 75
73 74
74 75
75 77
75 76
76 77
77 79
77 78
78 79
79 81
79 80
80 81
81 83
81 82
82 83
83 85
83 84
84 85
85 87
85 86
86 87
87 89
87 88
88 89
89 91
89 90
90 91
91 93
91 92
92 93
93 95
93 94
94 95
95 97
95 96
96 97
97 99
97 98
98 99
99 101
99 100
100 101
101 103
101 102
102 103
103 105
103 104
104 105
105 107
105 106
106 107
107 109
107 108
108 109
109 111
109 110
110 111
111 113
111 112
112 113
113 115
113 114
114 115
115 117
115 116
116 117
117 119
117 118
118 119
119 121
119 120
120 121
121 123
121 122
122 123
123 125
123 124
124 125
125 127
125 126
126 127
127 129
127 128
128 129
129 131
129 130
130 131
131 133
131 132
132 133
133 135
133 134
134 135
135 137
135 136
136 137
137 139
137 138
138 139
139 141
139 140
140 141
141 143
141 142
142 143
143 145
143 144
144 145
145 147
145 146
146 147
147 149
147 148
148 149
149 151
149 150
150 151
151 153
151 152
152 153
153 155
153 154
154 155
155 157
155 156
156 157
157 159
157 158
158 159
159 161
159 160
160 161
161 163
161 162
162 163
163 165
163 164
164 165
165 167
165 166
166 167
167 169
167 168
168 169
169 171
169 170
170 171
171 173
171 172
172 173
173 175
173 174
174 175
175 177
175 176
176 177
177 179
177 178
178 179
179 181
179 180
180 181
181 183
181 182
182 183
183 185
183 184
184 185
185 187
185 186
186 187
187 189
187 188
188 189
189 191
189 190
190 191
191 193
191 192
192 193
193 195
193 194
194 195
195 197
195 196
196 197
197 199
197 198
198 199
199 201
199 200
200 201
201 203
201 202
202 203
203 205
203 204
204 205
205 207
205 206
206 207
207 209
207 208
208 209
209 211
209 210
210 211
211 213
211 212
212 213
213 215
213 214
214 215
215 217
215 216
216 217
217 219
217 218
218 219
219 221
219 220
220 221
221 223
221 222
222 223
223 225
223 224
224 225
225 227
225 226
226 227
227 229
227 228
228 229
229 231
229 230
230 231
231 233
231 232
232 233
233 235
233 234
234 235
235 237
235 236
236 237
237 239
237 238
238 239
239 241
239 240
240 241
241 243
241 242
242 243
243 245
243 244
244 245
245 247
245 246
246 247
247 249
247 248
248 249
249 251
249 250
250 251
251 253
251 252
252 253
253 255
253 254
254 255
255 257
255 256
256 257
257 259
257 258
258 259
259 261
259 260
260 261
261 263
261 262
262 263
263 265
263 264
264 265
265 267
265 266
266 267
267 269
267 268
268 269
269 271
269 270
270 271
271 273
271 272
272 273
273 275
273 274
274 275
275 277
275 276
276 277
277 279
277 278
278 279
279 281
279 280
280 281
281 283
281 282
282 283
283 285
283 284
284 285
285 287
285 286
286 287
287 289
287 288
288 289
289 291
289 290
290 291
291 293
291 292
292 293
293 295
293 294
294 295
295 297
295 296
296 297
297 299
297 298
298 299
299 301
299 300
300 301
301 303
301 302
302 303
303 305
303 304
304 305
305 307
305 306
306 307
307 309
307 308
308 309
309 311
309 310
310 311
311 313
311 312
312 313
313 315
313 314
314 315
315 317
315 316
316 317
317 319
317 318
318 319
319 321
319 320
320 321
321 323
321 322
322 323
323 325
323 324
324 325
325 327
325 326
326 327
327 329
327 328
328 329
329 331
329 330
330 331
331 333
331 332
332 333
333 335
333 334
334 335
335 337
335 336
336 337
337 339
337 338
338 339
339 341
339 340
340 341
341 343
341 342
342 343
343 345
343 344
344 345
345 347
345 346
346 347
347 349
347 348
348 349
349 351
349 350
350 351
351 353
351 352
352 353
353 355
353 354
354 355
355 357
355 356
356 357
357 359
357 358
358 359
359 361
359 360
360 361
361 363
361 362
362 363
363 365
363 364
364 365
365 367
365 366
366 367
367 369
367 368
368 369
369 371
369 370
370 371
371 373
371 372
372 373
373 375
373 374
374 375
375 377
375 376
376 377
377 379
377 378
378 379
379 381
379 380
380 381
381 383
381 382
382 383
383 385
383 384
384 385
385 387
385 386
386 387
387 389
387 388
388 389
389 391
389 390
390 391
391 393
391 392
392 393
393 395
393 394
394 395
395 397
395 396
396 397
397 399
397 398
398 399
399 401
399 400
400 401
401 403
401 402
402 403
403 405
403 404
404 405
405 407
405 406
406 407
407 409
407 408
408 409
409 411
409 410
410 411
411 413
411 412
412 413
413 415
413 414
414 415
415 417
415 416
416 417
417 419
417 418
418 419
419 421
419 420
420 421
421 423
421 422
422 423
423 425
423 424
424 425
425 427
425 426
426 427
427 429
427 428
428 429
429 431
429 430
430 431
431 433
431 432
432 433
433 435
433 434
434 435
435 437
435 436
436 437
437 439
437 438
438 439
439 441
439 440
440 441
441 443
441 442
442 443
443 445
443 444
444 445
445 447
445 446
446 447
447 449
447 448
448 449
449 451
449 450
450 451
451 453
451 452
452 453
453 455
453 454
454 455
455 457
455 456
456 457
457 459
457 458
458 459
459 461
459 460
460 461
461 463
461 462
462 463
463 465
463 464
464 465
465 467
465 466
466 467
467 469
467 468
468 469
469 471
469 470
470 471
471 473
471 472
472 473
473 475
473 474
474 475
475 477
475 476
476 477
477 479
477 478
478 479
479 481
479 480
480 481
481 483
481 482
482 483
483 485
483 484
484 485
485 487
485 486
486 487
487 489
487 488
488 489
489 491
489 490
490 491
491 493
491 492
492 493
493 495
493 494
494 495
495 497
495 496
496 497
497 499
497 498
498 499
417 448
499 277
