500 700
125 223
402 22
332 359
68 482
486 17
482 248
103 357
191 286
308 282
270 57
442 208
281 412
293 354
160 51
293 60
208 69
324 227
272 195
314 260
227 131
44 245
291 497
290 223
148 361
5 29
127 119
445 67
396 13
392 8
129 17
398 381
372 457
458 440
73 333
15 274
101 177
81 317
424 463
292 387
124 309
113 329
476 218
448 248
146 416
175 200
141 124
221 124
332 446
152 415
189 480
452 198
367 272
301 115
248 283
397 72
396 231
72 434
100 94
78 139
184 404
401 232
437 301
52 243
167 400
321 298
101 405
115 363
208 444
297 38
80 76
262 30
407 397
38 12
347 251
167 370
344 401
98 78
268 494
370 308
94 103
213 179
452 451
382 53
312 458
28 47
206 435
369 102
465 129
84 220
370 394
200 115
500 463
486 149
222 229
47 490
143 356
496 342
438 474
85 76
328 5
50 236
440 58
168 174
350 106
113 21
87 125
176 497
339 294
254 285
456 265
32 142
48 162
482 453
187 383
242 129
398 85
411 323
317 51
3 180
419 293
393 311
64 178
27 500
430 423
489 450
249 59
164 414
189 233
152 442
300 228
491 427
476 394
300 95
42 289
264 172
98 85
284 202
477 345
157 397
323 121
383 341
85 465
127 408
476 413
333 160
399 127
270 430
426 237
291 436
249 412
485 408
21 106
163 171
280 404
479 115
500 448
461 189
168 101
181 383
395 414
129 443
110 96
126 267
162 141
355 3
328 313
377 250
292 288
397 405
131 181
243 278
336 389
469 366
459 494
255 160
341 329
113 424
161 177
400 68
482 158
485 335
127 338
136 481
49 235
474 488
441 499
271 478
324 223
237 157
436 357
300 445
366 1
108 234
10 468
286 339
405 204
42 200
388 13
114 213
74 32
86 432
18 359
271 120
170 306
168 268
441 192
20 324
402 243
150 277
203 428
135 387
151 412
147 70
17 166
328 446
430 82
98 274
494 479
17 34
204 158
243 241
470 425
235 424
154 121
391 473
35 73
171 105
389 445
307 174
252 315
445 433
121 469
225 289
202 105
287 10
241 403
73 95
197 400
38 438
381 321
203 490
179 367
106 135
489 355
371 171
252 466
441 489
160 293
423 425
317 396
456 356
9 6
465 279
44 191
44 136
487 98
323 301
493 127
213 375
213 182
273 41
66 34
261 106
398 343
184 14
267 493
300 38
181 338
218 136
274 88
325 492
336 304
282 445
291 72
335 5
41 67
255 192
144 63
184 229
303 162
249 361
257 474
304 454
492 387
417 210
175 257
197 201
429 340
416 446
76 422
48 75
379 49
492 113
441 434
481 101
191 254
321 33
345 37
307 387
122 86
36 93
32 77
1 323
81 65
402 469
320 434
12 139
237 120
88 14
437 26
223 70
239 312
392 194
349 413
405 81
15 266
302 53
315 53
360 443
468 35
219 325
408 443
8 304
50 68
316 145
8 379
231 420
221 94
450 93
401 10
406 53
288 391
279 427
171 347
318 472
139 102
279 258
259 69
91 430
410 54
171 210
143 393
123 147
456 274
140 4
79 485
307 58
384 201
343 438
213 118
391 214
124 303
486 244
341 364
185 5
498 92
493 291
437 220
458 480
109 151
49 281
185 33
6 204
451 320
455 74
458 402
400 5
349 44
45 463
50 108
255 430
352 33
222 126
378 81
4 210
345 302
261 259
294 374
473 51
233 109
62 12
411 39
407 198
281 356
90 276
155 82
238 62
191 390
122 35
30 233
177 114
316 35
138 228
52 88
179 119
268 430
403 446
107 304
17 164
159 470
123 229
427 167
196 185
163 36
478 371
142 470
304 478
475 323
261 60
149 341
444 318
386 242
38 366
369 207
19 321
484 261
238 389
130 379
332 188
194 182
257 367
222 164
307 81
325 421
76 369
162 125
8 195
442 43
121 443
402 127
341 480
171 198
236 55
37 265
12 370
400 358
43 165
290 258
476 448
130 80
370 307
130 245
419 29
474 134
179 481
203 413
91 192
78 396
134 425
334 232
339 72
481 219
408 12
128 435
461 485
78 105
371 238
69 226
78 32
481 286
428 449
63 360
363 266
148 111
179 273
499 8
189 348
6 409
397 120
286 276
357 479
38 302
496 51
204 9
8 488
492 14
376 350
415 236
191 260
85 135
195 54
407 322
170 120
130 277
13 302
395 427
228 274
229 165
55 13
354 301
453 225
458 217
347 420
165 369
178 312
406 393
146 121
431 128
11 131
26 146
172 73
99 279
203 26
263 417
210 116
263 462
409 420
271 192
286 87
67 76
52 409
117 59
301 197
413 344
407 346
492 332
482 197
146 432
241 348
476 19
45 192
403 181
449 236
391 481
168 492
28 172
185 27
336 123
142 226
495 113
354 47
206 119
396 2
237 423
50 199
301 165
46 298
147 465
368 217
138 111
498 30
253 293
410 59
27 129
487 104
65 396
209 188
367 336
237 292
155 478
446 259
409 45
303 72
53 170
22 156
153 358
334 177
156 383
30 348
460 7
340 391
21 415
79 308
155 386
165 288
20 387
97 201
208 334
91 109
471 388
15 88
155 194
482 389
91 51
13 406
481 275
491 232
457 204
296 196
387 465
316 481
125 242
484 411
102 413
282 114
465 164
20 389
332 248
441 235
281 208
315 313
441 172
386 410
132 298
72 330
66 269
459 191
148 233
182 391
212 260
68 152
485 32
212 487
152 231
423 82
119 2
217 222
476 73
230 122
359 260
216 459
193 295
63 426
168 468
433 405
290 168
321 47
279 262
340 383
393 402
171 353
150 255
351 478
374 386
315 255
282 345
121 353
494 160
58 44
256 383
65 175
119 469
368 46
93 131
355 145
237 28
355 190
106 290
432 262
310 411
72 56
180 242
426 425
210 450
11 103
108 206
28 135
19 184
474 70
431 137
429 435
425 58
78 312
482 411
353 224
134 346
240 356
473 317
286 307
306 373
188 367
91 255
491 31
203 107
196 432
260 488
227 291
133 498
312 287
56 36
378 100
289 239
51 260
398 304
101 233
393 350
156 305
129 450
361 329
405 24
381 427
264 137
299 337
63 219
386 331
138 295
477 80
7 420
357 286
210 438
391 233
475 7
487 28
339 321
74 300
355 378
469 36
375 31
187 483
225 158
